sid,year,month,day,hour,time,lat,lon,x,y,p_cent,p_edge,depth,p_grad,DsqP,radius,area,Dp,DpDt,u,v,uv,Ege,Ely,Emg,Esp,Erg,id,pid,type,centers
0,2013,6,25,18,41448.75,32.671091560246325,125.86399099577748,558,503,997.9934305915829,1001.9934305915829,4.0,7.616900543720594,5.504323423987298,429.210725202515,578750,,,,,,3,0,0,0,0,20,20,1,1
0,2013,6,25,21,41448.875,33.02412862217625,128.16383281119693,551,510,997.1564274082659,1001.1564274082659,4.0,8.788627145356138,9.213137507368229,383.4310611845868,461875,-0.8370031833169924,-10.640388005023329,71.47029906780917,13.085310068036405,72.65830295581324,0,0,0,0,0,23,23,1,2
0,2013,6,26,0,41449.0,33.56265989720879,131.97839369035867,539,521,996.8355274131937,1000.8355274131937,4.0,10.443338919829918,6.544891035903347,344.3405764696662,372500,-0.3208999950721045,-4.0214632723016335,117.80822075992324,19.96064854101447,119.48725609368019,0,0,1,0,0,18,18,1,1
0,2013,6,26,3,41449.125,34.54794670985383,134.48844413341297,529,526,995.8880692436594,1001.8880692436594,6.0,11.544936010631025,10.440454634439739,445.80795774190074,624375,-0.9474581695343659,-11.575088406378734,76.6264507156028,36.519631618639096,84.88401759360715,0,0,0,0,0,21,21,1,1
0,2013,6,26,6,41449.25,33.94159835539997,137.7022202681305,521,537,993.7173306239006,999.7173306239006,6.0,13.546787397777537,9.38141885212157,377.68057634211374,448125,-2.170738619758777,-26.93540548849808,98.8175452475264,-22.474286931515632,101.34101253602621,0,0,0,0,0,23,23,1,1
0,2013,6,26,9,41449.375,34.32540519742286,139.9329466286774,513,542,991.9608621449818,999.9608621449818,8.0,15.43070175255815,16.311865403775663,434.508401809172,593125,-1.7564684789188323,-21.580665004218837,68.28127097813183,14.225791214805005,69.74743796066126,0,0,0,1,0,30,30,1,2
0,2013,6,26,12,41449.5,35.32826476082909,142.27500495788925,503,545,987.8090491951418,1003.8090491951418,16.0,20.68909429993797,32.2018172445181,731.4092920298683,1680625,-4.15181294983995,-49.74336053077656,70.82114153226165,37.170965195916956,79.98321537378143,0,0,0,0,0,23,23,1,1
0,2013,6,26,15,41449.625,35.63703562074888,142.663494662724,501,545,987.9361246965659,1001.9361246965659,14.0,19.550215869255634,20.920647830319503,592.3990627251441,1102500,0.12707550142411492,1.511039679757249,11.702703466321644,11.44458437291949,16.368621807883816,0,0,0,0,0,24,24,1,1
0,2013,6,26,18,41449.75,35.78261725751324,144.09027692082233,496,548,987.4066785813127,1003.4066785813127,16.0,19.645534493055667,19.634508412520663,753.9111953784287,1785625,-0.5294461152532313,-6.273366896044982,42.90101892318096,5.395979806935715,43.23903355446314,0,0,0,0,0,24,24,1,1
0,2013,6,26,21,41449.875,35.74782773516189,145.32040751659446,492,551,986.8893186468399,1002.8893186468399,16.0,20.456980323163968,17.291761100767108,698.2914555526183,1531875,-0.51735993447277,-6.13532837529664,37.00428864459963,-1.2894727952857492,37.02674868500646,0,0,0,0,0,26,26,1,1
0,2013,6,27,0,41450.0,35.756523714749086,146.20755775358037,489,553,986.3070169626113,1004.3070169626113,18.0,21.433871282356332,17.534791619014506,807.3038411659587,2047500,-0.582301684228587,-6.904011590516222,26.684060874725354,0.3223162707667074,26.68600742982077,0,0,0,0,0,30,30,1,1
0,2013,6,27,3,41450.125,35.73152528820443,147.98158020977218,483,557,986.3769035591134,1004.3769035591134,18.0,21.35487492513874,10.85293183802365,845.8140866632984,2247500,0.06988659650203771,0.8291070827336741,53.375973252476676,-0.9265660686208028,53.38401488581226,0,0,0,0,0,27,27,1,1
0,2013,6,27,6,41450.25,36.46733419049502,150.14698444034522,474,559,985.4880717753631,1003.4880717753631,18.0,21.697129526774624,10.815844921762618,742.745462114904,1733125,-0.8888317837503564,-10.36065978066046,64.54392871069118,27.27273897153876,70.06940148467427,0,0,0,0,0,27,27,1,1
0,2013,6,27,9,41450.375,37.23222005267473,152.5882747990605,464,561,985.0744765013409,1003.0744765013409,18.0,22.75052060407718,9.656821534048941,667.8560683373602,1401250,-0.4135952740222274,-4.735950059421038,72.04232734855086,28.350475778843926,77.41993546033589,0,0,0,0,0,29,29,1,1
0,2013,6,27,12,41450.5,37.46294918462273,153.6049654738023,460,562,985.5418971007986,1005.5418971007986,20.0,23.019243861679115,9.614021768905223,822.319624271299,2124375,0.46742059945769143,5.3241168965086105,29.911104961121286,8.551969633907131,31.109650988310428,0,0,0,0,0,25,25,1,1
0,2013,6,27,15,41450.625,37.22114482008777,154.84588964330476,456,565,984.8653225657782,1004.8653225657782,20.0,22.89374600732348,6.733519361991203,814.9073567289311,2086250,-0.676574535020336,-7.749214560459365,36.625726350969074,-8.962472858932845,37.706362201665364,0,0,0,0,0,26,26,1,1
0,2013,6,27,18,41450.75,37.913111600519876,157.03622694014547,447,566,985.9320811704346,1005.9320811704346,20.0,22.251272682906002,5.366434498471644,889.3818455347061,2485000,1.066758604656352,12.027880005703217,64.04874549581845,25.647731796872915,68.99310071240784,0,0,0,0,0,28,28,1,1
0,2013,6,27,21,41450.875,39.07445537013028,159.33708827588654,437,565,986.6344185986924,1006.6344185986924,20.0,22.090845128227947,6.387233806971782,895.5121269442907,2519375,0.7023374282578879,7.719668014035111,66.20450522804157,43.04517842364825,78.9678662369289,0,0,0,0,0,27,27,1,1
0,2013,6,28,0,41451.0,41.14991295242285,162.5084592856053,423,561,985.1420762387361,1007.1420762387361,22.0,24.168359101453685,6.478615264502804,902.70333367641,2560000,-1.492342359956383,-15.712396435280125,88.50671469658182,76.92678453897192,117.26537735362275,0,0,0,0,0,28,28,1,1
0,2013,6,28,3,41451.125,42.28649178742981,163.8451488757247,417,558,984.1530955315797,1008.1530955315797,24.0,25.090579908923797,9.202946709247554,966.251874467952,2933125,-0.9889807071564428,-10.183518373326718,36.652038340329625,42.12726672811875,55.839757489472085,0,0,0,0,0,27,27,1,1
0,2013,6,28,6,41451.25,43.32611272591499,164.96830391476382,412,555,983.369233228087,1007.369233228087,24.0,25.434016779095533,7.912538125176652,932.5142467106565,2731875,-0.7838623034926422,-7.914825635161241,30.28372842615337,38.53352466433562,49.00955754183026,0,0,0,0,0,24,24,1,1
0,2013,6,28,9,41451.375,44.57854014524198,166.06940320923343,407,551,982.7137253859997,1006.7137253859997,24.0,26.47018058341968,8.104585911696558,865.346177692701,2352500,-0.6555078420872451,-6.470409001293255,29.06987321315463,46.421191673232904,54.772114848633635,0,0,0,0,0,23,23,1,1
0,2013,6,28,12,41451.5,45.40379139191108,166.4295656148385,405,548,980.4278860575494,1006.4278860575494,26.0,28.685374027133115,11.492321043305129,851.3235707442373,2276875,-2.2858393284503835,-22.240374754776663,9.37269269789978,30.587917278900445,31.991687230749807,0,0,0,0,0,32,32,1,1
0,2013,6,28,15,41451.625,46.40422089840508,166.4396849682326,404,544,978.2959690932944,1004.2959690932944,26.0,29.27394343350564,14.880988466647684,797.136193065145,1996250,-2.1319169642549243,-20.394769119924234,0.2586380647538387,37.080895195883926,37.08179718105188,0,0,0,0,0,24,24,1,1
0,2013,6,28,18,41451.75,46.986671845659565,166.89079180184572,402,542,977.6203616056455,1005.6203616056455,28.0,30.18942260915869,15.01080731743823,854.5889334135652,2294375,-0.6756074876489584,-6.40150131312186,11.406020981795594,21.588530118005515,24.416427815984722,0,0,0,0,0,25,25,1,1
0,2013,6,28,21,41451.875,47.22192934422523,166.82107896395058,402,541,977.0334163816599,1005.0334163816599,28.0,30.625353222314857,20.388157223258023,873.4695234790813,2396875,-0.586945223985531,-5.5402343009704325,-1.7548857155816977,8.719813431864022,8.894648400092546,0,0,0,0,0,22,22,1,1
0,2013,6,29,0,41452.0,47.56502730766583,167.35361096761122,400,540,975.9500356661971,1003.9500356661971,28.0,31.208088455747248,18.710318681290154,863.9656724089153,2345000,-1.0833807154628448,-10.169970451482293,13.318441506170588,12.716917625558148,18.41469190751013,0,0,0,0,0,21,21,1,1
0,2013,6,29,3,41452.125,48.18932808903239,168.1356095487189,397,538,976.4839986163797,1002.4839986163797,26.0,30.000444177477785,14.312245601891336,825.2176759827963,2139375,0.533962950182613,4.963298734352462,19.32322348497208,23.13969319606518,30.146846718325314,0,0,0,0,0,20,20,1,1
0,2013,6,29,6,41452.25,48.56806862833448,169.00077911955447,394,537,976.2428479448748,1002.2428479448748,26.0,29.736128643224568,13.376326040474524,863.5050135265745,2342500,-0.2411506715048745,-2.2284198725011475,21.219899917349498,14.038008828338883,25.443070655226535,0,0,0,0,0,20,20,1,1
0,2013,6,29,9,41452.375,48.6998250408931,169.93678649505821,391,537,976.79440350224,1002.79440350224,26.0,29.487280395804735,14.046269745905738,1158.5650613156226,4216875,0.5515555573652091,5.086492320182525,22.89743346843071,4.883548209802101,23.412421971224422,0,0,0,0,0,21,21,1,1
0,2013,6,29,12,41452.5,49.60473768114621,171.36489984594562,386,534,976.7410886928969,1000.7410886928969,24.0,28.682874559626825,11.234913627578353,808.904048566055,2055625,-0.053314809343137315,-0.485004942784349,34.30307354590074,33.54056488422614,47.97572664846734,0,0,0,0,0,19,19,1,1
0,2013,6,29,15,41452.625,50.21230154221778,172.56859202882748,382,532,976.1268267832671,1002.1268267832671,26.0,28.34814001700203,12.196435884246602,1150.3796555090453,4157500,-0.614261909629713,-5.5382813385657155,28.550709866869482,22.519339654579376,36.362943945457296,0,0,0,0,0,17,17,1,1
0,2013,6,29,18,41452.75,51.036836198433704,173.77113411045846,378,529,976.5427071540378,1000.5427071540378,24.0,27.81499545051635,10.93489646659058,938.3627884011124,2766250,0.4158803707706102,3.7056166799245767,28.027603086975233,30.561356871275372,41.46737354372078,0,0,0,0,0,18,18,1,1
0,2013,6,29,21,41452.875,51.603637831251504,175.05240114101022,374,527,977.3610906276134,1001.3610906276134,24.0,27.177704048873853,10.609756377888335,1121.7480861674326,3953125,0.8183834735756682,7.2345145527165675,29.495648952426283,21.008488661063886,36.21256553942037,0,0,0,0,0,16,16,1,1
0,2013,6,30,0,41453.0,52.36998030516149,176.00102615605317,371,524,977.4519154978644,999.4519154978644,22.0,26.481053431167858,9.494486986521515,943.8589905048764,2798750,0.09082487025094452,0.794541808097666,21.46760848900326,28.40446505700996,35.60437963807296,0,0,0,0,0,18,18,1,1
0,2013,6,30,3,41453.125,53.35972709897063,176.96847613954762,368,520,977.8546063726453,999.8546063726453,22.0,25.400309803510346,7.875713124545436,1017.6938597488485,3253750,0.4026908747809648,3.4769821788692004,21.399801486773168,36.684940711431416,42.470417688957774,0,0,0,0,0,19,19,1,1
0,2013,6,30,6,41453.25,54.099246835105774,178.00000770096582,365,517,977.5483030416233,999.5483030416233,22.0,25.344624857116443,7.276397023669561,1130.9327616716407,4018125,-0.30630333102206353,-2.6198059643880867,22.41938858440524,27.410280937250462,35.41119152976296,0,0,0,0,0,20,20,1,1
0,2013,6,30,9,41453.375,54.824616307123854,179.07296473022782,362,514,978.2083310196685,1000.2083310196685,22.0,25.111884241548516,6.926312848628367,1186.140673331943,4420000,0.6600279780452547,5.594384690821171,22.910021732536492,26.885801743750726,35.32301560158141,0,0,0,0,0,21,21,1,1
0,2013,6,30,12,41453.5,55.535194682747466,179.81090570465625,360,511,978.4215452803545,1000.4215452803545,22.0,24.697547234496252,5.932119888029556,1018.0847542744015,3256250,0.213214260685927,1.7916778567098937,15.478287882635819,26.337570117559075,30.549058831248658,0,0,0,0,0,20,20,1,1
0,2013,6,30,15,41453.625,55.995648096446004,-178.65887222028283,356,509,978.026982830923,1000.026982830923,22.0,24.620386082614623,6.446786964303755,1030.901126440422,3338750,-0.3945624494315416,-3.2974969909629404,-31.71902743076988,17.06669451981524,36.01900558020201,0,0,0,0,0,16,16,1,1
0,2013,6,30,18,41453.75,56.675142785613275,-177.45953259538967,353,506,978.623668651385,1002.623668651385,24.0,24.348986082810125,5.645568626614185,1154.867275105708,4190000,0.5966858204620076,4.9474790963920166,24.421788018885458,25.185454039107242,35.08177340436713,0,0,0,0,0,19,19,1,1
0,2013,6,30,21,41453.875,57.32146779418075,-175.8150838748816,349,503,979.3916054472045,1001.3916054472045,22.0,23.808795209553804,5.0466625659070266,1086.7974150782325,3710625,0.7679367958195508,6.320944658309633,32.90841115752373,23.956020638734717,40.704477023493574,0,0,0,0,0,18,18,1,1
0,2013,7,1,0,41454.0,57.96106855474074,-174.51156069271494,346,500,979.705369462739,999.705369462739,20.0,23.183715473453486,4.755079844106222,1010.4350349896368,3207500,0.3137640155345434,2.564412026911533,25.63051595150569,23.706786550757432,34.913250729537644,0,0,0,0,0,21,21,1,1
0,2013,7,1,3,41454.125,58.60882880031945,-173.568354573556,344,497,980.6465233918302,998.6465233918302,18.0,21.895991216603232,2.957014929657307,1001.2378327850361,3149375,0.9411539290912333,7.63855243566791,18.20970259435892,24.00921766346214,30.133632396153377,0,0,0,0,0,17,17,1,1
0,2013,7,1,6,41454.25,58.952522544027026,-171.8107078120311,340,495,981.1962433503323,999.1962433503323,18.0,21.430647251246295,3.692611730623248,1052.0093561966391,3476875,0.5497199585021008,4.445421698372719,33.59854883109142,12.739000206585889,35.93250074540638,0,0,0,0,0,19,19,1,1
0,2013,7,1,9,41454.375,59.572282165710575,-170.7832797516086,338,492,982.5086878636628,1000.5086878636628,18.0,20.552176828079254,3.6033785667197664,1100.350503054183,3803750,1.3124445133304108,10.5452994233431,19.286268730566768,22.971375223453816,29.99407010067732,0,0,0,0,0,17,17,1,1
0,2013,7,1,12,41454.5,60.180647657939296,-169.71462202505253,336,489,982.7682870743516,998.7682870743516,16.0,19.975109403379204,4.592276483117894,979.5434462877407,3014375,0.2595992106889025,2.0730304051932427,19.696419061964008,22.54905209381787,29.940084739262367,0,0,0,0,0,14,14,1,1
0,2013,7,1,15,41454.625,60.82200469532949,-169.03889596797876,335,486,983.2805886292201,999.2805886292201,16.0,18.659467371957813,4.927807664031279,1017.498356172028,3252500,0.5123015548684634,4.0651599658211195,12.210369279756293,23.771882908524525,26.724437037374923,0,0,0,0,0,18,18,1,1
0,2013,7,1,18,41454.75,61.320666740878664,-169.3108953281446,336,484,984.2618474927854,998.2618474927854,14.0,17.465054651494288,4.6115326982638365,908.415312470831,2592500,0.9812588635651628,7.749015253768468,-4.8382515125823105,18.482896525088815,19.105657320703344,0,0,0,0,0,15,15,1,1
0,2013,7,1,21,41454.875,61.81805521910993,-169.59228868750995,337,482,985.511843837146,997.511843837146,12.0,16.105862752278192,4.131803163420991,823.1659433028947,2128750,1.2499963443606976,9.824954243161601,-4.925727261770037,18.4356917835914,19.082387706912463,0,0,0,0,0,19,19,1,1
0,2013,7,2,0,41455.0,62.125995226817395,-170.42300994070635,339,481,986.4202736654062,998.4202736654062,12.0,15.289488930055239,3.890805087639819,906.7713188828286,2583125,0.9084298282601231,7.119846432983658,-14.395423153071334,11.413788855985539,18.371248836293137,0,0,0,0,0,15,15,1,1
0,2013,7,2,3,41455.125,62.39163021764862,-170.80775690715421,340,480,987.0932111306498,997.0932111306498,10.0,14.299351391166969,3.8410046476302515,798.3830829138609,2002500,0.67293746524374,5.2613234221480205,-6.608732852151131,9.84575443990203,11.85808713081297,0,0,0,0,0,18,18,1,1
0,2013,7,2,6,41455.25,62.39163021764862,-170.80775690715421,340,480,987.5731557712501,997.5731557712501,10.0,14.028986174723915,3.9425257117761072,827.7451479837314,2152500,0.47994464060015163,3.7524199637322564,0.0,0.0,0.0,0,0,0,0,0,14,14,1,1
0,2013,7,2,9,41455.375,62.427604084573446,-171.2717035864177,341,480,988.5655955857181,996.5655955857181,8.0,14.01769347717002,3.553215433234,565.5982988081821,1005000,0.992439814468089,7.7567889724983425,-7.959558417882124,1.3333704979422698,8.070467588216992,0,0,0,0,0,15,15,1,1
0,2013,7,2,12,41455.5,62.46172430477339,-171.73680664361,342,480,989.5802624432112,997.5802624432112,8.0,13.797598141474055,3.4215450124136986,577.7780656404763,1048750,1.0146668574929936,7.928048939422658,-7.970295894991894,1.2646651274096694,8.070005857383919,0,0,0,0,0,17,17,1,1
0,2013,7,2,15,41455.625,62.46172430477339,-171.73680664361,342,480,989.680399869708,997.680399869708,8.0,13.712707796909529,3.711447923881205,573.6312795189028,1033750,0.10013742649694905,0.7824187929988965,0.0,0.0,0.0,0,0,0,0,0,17,17,1,1
0,2013,7,2,18,41455.75,62.19923633183281,-171.34244852283413,341,481,990.7627984541558,998.7627984541558,8.0,13.570642628515628,3.6158864014382566,582.066220551298,1064375,1.082398584447801,8.477607227475442,6.8172766107382845,-9.729110298735513,11.87985048694977,0,0,0,0,0,15,15,1,1
0,2013,7,2,21,41455.875,62.163532750029624,-170.88213724620422,340,481,992.5436342078207,1000.5436342078207,8.0,12.669732647511275,3.80791241925137,656.7418791116007,1355000,1.7808357536648691,13.952522801352943,7.966808679418469,-1.3233523865177352,8.075970658277532,0,0,0,0,0,14,14,1,1
0,2013,7,3,0,41456.0,62.125995226817395,-170.42300994070635,339,481,993.8404798842224,999.8404798842224,6.0,11.746629366277329,4.338585418420625,538.3873513615586,910625,1.2968456764017173,10.164067466766555,7.956174514102351,-1.391327380000719,8.076911834184612,0,0,0,0,0,15,15,1,1
0,2013,7,3,3,41456.125,62.31414830704101,-169.88355694996181,338,480,994.7843513813476,1000.7843513813476,6.0,10.976534990168506,3.719978359943779,582.5786780714402,1066250,0.9438714971252193,7.384835277867648,9.290030531976592,6.9738893178042,11.616359132793752,0,0,0,0,0,16,16,1,1
0,2013,7,3,6,41456.25,62.45603491167122,-168.87459435824127,336,479,995.8629628748472,999.8629628748472,4.0,10.534442262278663,3.894653463563227,396.6918829294488,494375,1.078611493499484,8.428113582151072,17.29336620717289,5.259023531233772,18.075337985151478,0,0,0,0,0,17,17,1,1
0,2013,7,3,9,41456.375,62.68254699150298,-168.7830800733526,336,478,997.1398968039492,1001.1398968039492,4.0,10.368444731581423,3.6446613752480332,409.7663541116445,527500,1.2769339291020878,9.957323579995409,1.556645649604022,8.395664700333276,8.538754677284818,0,0,0,0,0,16,16,1,1
0,2013,7,3,12,41456.5,62.90887078696338,-168.6900675259798,336,477,998.2526562156642,1002.2526562156642,4.0,9.680707034196281,2.9284028437768574,468.4387663163145,689375,1.112759411714942,8.659516749220687,1.5700193041441692,8.388685944712092,8.534343120263888,0,0,0,0,0,18,18,1,1
0,2013,7,3,15,41456.625,63.36095111730336,-168.49940007834758,336,475,998.643424678337,1002.643424678337,4.0,9.265037160804143,3.1536746690496513,484.5137160706037,737500,0.39076846267285875,3.0288378993172778,3.168655950626783,16.7563463898674,17.05331419022897,0,0,0,0,0,15,15,1,1
0,2013,7,3,18,41456.75,63.63207130673342,-168.88265765615282,337,474,999.5601176825768,1003.5601176825768,4.0,8.702111358462451,2.611645312774781,514.5814187950639,831875,0.9166930042397872,7.088521650176258,-6.30910246222937,10.049063191845098,11.865430666967157,0,0,0,0,0,17,17,1,1
0,2013,7,3,21,41456.875,63.717078093908796,-169.8493517197326,339,474,1000.4863279884969,1002.4863279884969,2.0,7.934619921885891,3.2853207580642625,292.14181185347104,268125,0.9262103059201036,7.156860521982364,-15.865732253008188,3.1507744880849113,16.17556304426251,0,0,0,0,0,19,19,1,1
0,2013,7,4,0,41457.0,63.717078093908796,-169.8493517197326,339,474,,,,7.934619921885891,,0.0,0,0.0,,0.0,0.0,0.0,0,3,0,0,0,19,19,0,0
1,2013,6,26,6,41449.25,84.54036322818268,-61.85839876773828,338,348,997.5444558141805,997.5444558141805,0.0,7.852264739791522,2.6898513395625923,14.104739588693906,625,0.19728382375717046,1.3730513108361118,0.46699876858998324,18.569131085583184,18.575002479769317,2,0,0,2,0,11,11,1,1
1,2013,6,26,9,41449.375,84.53117983348751,-67.10944834375168,337,350,998.052584058799,998.052584058799,0.0,7.601318451227304,2.3111288240271826,14.104739588693906,625,0.5081282446184195,3.5365132135495583,-18.542598031048183,-0.3403822998258229,18.545721928549092,0,0,0,0,0,13,13,1,1
1,2013,6,26,12,41449.5,84.54036322818268,-74.53878225955809,336,353,998.1036063151474,998.1036063151474,0.0,7.655618812098143,3.5215224612355813,14.104739588693906,625,0.05102225634851493,0.3551034982339666,-26.18157375378641,0.3403822998258229,26.183786287223477,0,0,0,0,0,10,10,1,1
1,2013,6,26,15,41449.625,84.59579022545279,-76.82744657667311,336,354,997.5358528719725,997.5358528719725,0.0,7.806596451482174,4.088122095854269,14.104739588693906,625,-0.5677534431750246,-3.9510735739126805,-7.988819784329281,2.054400298525544,8.24874548844082,0,0,0,0,0,12,12,1,1
1,2013,6,26,18,41449.75,84.59579022545279,-76.82744657667311,336,354,996.47693988444,998.47693988444,2.0,8.121828317812717,4.267750498786991,195.44100476116796,120000,-1.0589129875325307,-7.369119769165244,0.0,0.0,0.0,0,0,0,0,0,13,13,1,1
1,2013,6,26,21,41449.875,84.64241598353469,-79.15969454566944,336,355,995.999131661696,997.999131661696,2.0,8.347993167836679,4.660369737583678,188.18069730433754,111250,-0.4778082227439154,-3.3248776656942045,-8.070900740406925,1.7281825832216788,8.253850846874554,0,0,0,0,0,16,16,1,1
1,2013,6,27,0,41450.0,84.64241598353469,-79.15969454566944,336,355,995.7629813579905,997.7629813579905,2.0,7.999126650408155,4.285034991477878,204.88317705582224,131875,-0.23615030370550813,-1.6432761789412842,0.0,0.0,0.0,0,0,0,0,0,20,20,1,1
1,2013,6,27,3,41450.125,84.8137273076502,-76.26373169437744,337,354,995.2911549731084,997.2911549731084,2.0,7.800067066562554,3.52846088347651,207.77578856468483,135625,-0.4718263848821516,-3.282346734385897,9.701755959030159,6.349650039468939,11.594918038188329,0,0,0,0,0,18,18,1,1
1,2013,6,27,6,41450.25,86.04243035194676,-81.86989764584403,342,357,994.690815701096,996.690815701096,2.0,7.986688097669233,3.614851868779224,216.68112103298049,147500,-0.600339272012352,-4.169214246707483,-14.335662710832052,45.54184829283364,47.74485491952211,0,0,0,0,0,18,18,1,1
1,2013,6,27,9,41450.375,86.26400746484397,-81.3843518158359,343,357,994.2841236365234,996.2841236365234,2.0,8.229838987286062,3.563321844449675,212.97689729449573,142500,-0.40669206457256224,-2.8236458534780597,1.172649506458447,8.212750271573311,8.296045677804862,0,0,0,0,0,19,19,1,1
1,2013,6,27,12,41450.5,86.52832077266692,-88.15238973400541,344,359,994.0972822862873,1000.0972822862873,6.0,8.50894985314595,4.423653931556037,867.7567772731768,2365625,-0.1868413502362091,-1.2968547664088927,-15.181898410293273,9.796766291517462,18.068388669471283,0,0,2,0,0,15,15,1,4
1,2013,6,27,15,41450.625,87.18179749750493,-96.84277341263095,347,361,993.4754935617614,999.4754935617614,6.0,9.165347815800182,4.120453133663395,837.7787888430087,2205000,-0.6217887245258317,-4.3130950463653654,-15.822012570569893,24.221098827430033,28.930912709270064,0,0,0,0,0,15,15,1,3
1,2013,6,27,18,41450.75,87.30916352419331,-106.92751306414705,348,363,992.8968772469083,994.8968772469083,2.0,9.654781568296453,4.273099096099904,180.07726023841454,101875,-0.5786163148531341,-4.01319638766735,-17.525640771249318,4.720818664873762,18.150322677834044,0,0,0,2,0,17,17,1,1
1,2013,6,27,21,41450.875,87.44286027940417,-113.1985905136482,349,364,993.2756531261526,995.2756531261526,2.0,10.07292287448774,4.406728994649893,176.73188049071527,98125,0.3787758792443492,2.6268520258006554,-10.365187304219855,4.955466962762571,11.488853757907782,0,0,0,0,0,16,16,1,1
1,2013,6,28,0,41451.0,87.46253436609149,-131.42366562500263,351,367,993.2570929729726,995.2570929729726,2.0,10.906618748959819,3.8838487063173672,169.8435557664936,90625,-0.01856015318000573,-0.12871471988640054,-29.781029694319187,0.7292195419989924,29.78995620665385,0,0,0,0,0,17,17,1,1
1,2013,6,28,3,41451.125,87.11153525818648,-144.46232220802563,352,370,993.6193789807384,995.6193789807384,2.0,11.339269147335518,4.070095414887328,169.2568750643269,90000,0.36228600776579695,2.513184032472952,-24.300873041187106,-13.009773351934822,27.564227419476275,0,0,0,0,0,16,16,1,1
1,2013,6,28,6,41451.25,86.73672889440275,-149.03624346792648,352,372,993.997127431432,999.997127431432,6.0,11.569972667502565,3.7656391554789304,495.27523261352746,770625,0.3777484506936162,2.6213685530941,-9.647907900457247,-13.892188708948876,16.913752805949127,0,0,0,0,0,16,16,1,1
1,2013,6,28,9,41451.375,86.23726337335407,-157.24902365721235,353,375,995.0747421948461,1001.0747421948461,6.0,11.555559063660416,3.4784713948732677,481.42433037557686,728125,1.0776147634140216,7.482062720616576,-19.95963630801225,-18.51267732483076,27.223267681919154,0,0,0,0,0,15,15,1,1
1,2013,6,28,12,41451.5,85.24782765862385,-164.98163936884933,354,380,996.1363747662293,1002.1363747662293,6.0,10.683427151626407,2.7923526532772667,499.87324458734105,785000,1.061632571383234,7.380577964597064,-23.726531804197077,-36.67341057297834,43.67936989597967,0,0,0,0,0,20,20,1,1
1,2013,6,28,15,41451.625,84.54036322818268,-164.5387822595581,353,383,996.0836822600219,1002.0836822600219,6.0,10.781411735277725,2.244221225526926,480.8040711568258,726250,-0.05269250620738603,-0.36672806386976636,1.5617444075190514,-26.222151815513143,26.26861799619912,0,0,0,0,0,16,16,1,1
1,2013,6,28,18,41451.75,83.76764263656138,-162.21611155730747,351,386,996.3763906727003,1000.3763906727003,4.0,10.26290754770401,2.5322503682681416,323.7951802633666,329375,0.2927084126783302,2.040000151373136,9.345335958392758,-28.64086983402375,30.126976765429358,0,0,0,0,0,17,17,1,1
1,2013,6,28,21,41451.875,83.1974915410106,-159.77514056883192,349,388,996.7209896984737,998.7209896984737,2.0,10.809237356768248,3.5111722214939065,188.18069730433754,111250,0.34459902577349566,2.404378128137055,10.71567750846932,-21.132636415360984,23.694177899419856,0,0,0,0,0,13,13,1,1
1,2013,6,29,0,41452.0,82.90827268627032,-158.70264595096623,348,389,996.1846433210553,1004.1846433210553,8.0,11.714513302103546,3.352196151965836,728.6842106772561,1668125,-0.5363463774183765,-3.7445634620183896,4.907638058693829,-10.719889779023179,11.789866334676816,0,0,2,0,0,14,14,1,2
1,2013,6,29,3,41452.125,82.23194599899121,-155.2825590889166,345,391,995.3869972661772,1003.3869972661772,8.0,12.751140800587144,3.2651661090468407,693.7180689401989,1511875,-0.7976460548781324,-5.577436117301006,17.131518070275373,-25.06803212658563,30.36272626250319,0,0,0,0,0,13,13,1,2
1,2013,6,29,6,41452.25,81.86524476058864,-141.70983680775691,337,388,994.7302736857167,1002.7302736857167,8.0,13.964936340144268,1.4876542002475617,654.0098696193114,1343750,-0.6567235804605298,-4.596160976505003,71.02263673235788,-13.591772434880914,72.31148737467691,0,0,0,0,0,15,15,1,1
1,2013,6,29,9,41452.375,82.23194599899121,-137.33730585912383,336,385,993.7779843387126,1001.7779843387126,8.0,15.163945951608767,2.2802810099903583,577.7780656404763,1048750,-0.9522893470041163,-6.658759189767742,21.900369193524558,13.591772434880914,25.77522936336878,0,0,0,0,0,15,15,1,1
1,2013,6,29,12,41452.5,82.13548150063673,-125.72739822279969,331,380,991.9144334434022,1001.9144334434022,10.0,17.162820113029742,1.537589673123366,592.2311253545902,1101875,-1.8635508953103272,-13.033648770036152,58.782493625150444,-3.575454272777284,58.891132015334655,0,0,0,0,0,13,13,1,1
1,2013,6,29,15,41452.625,82.62352027472177,-120.06858282186246,331,376,990.4024872556946,1000.4024872556946,10.0,18.146857079079624,2.7528857934210826,519.7744856170725,848750,-1.5119461877076537,-10.56248612261854,26.9179352294742,18.08914522802917,32.43134921798504,0,0,0,0,0,11,11,1,1
1,2013,6,29,18,41452.75,83.33924507571125,-116.99583839408663,333,373,988.6881087527343,998.6881087527343,10.0,19.077947497654574,3.881100598670164,461.809077155419,670000,-1.714378502960317,-11.958277096144894,13.208727374511621,26.528322247905745,29.63481668819471,0,0,0,0,0,12,12,1,1
1,2013,6,29,21,41452.875,84.23630368911435,-114.07549825507883,336,370,988.1466820476758,998.1466820476758,10.0,19.516690165426567,4.930941300110572,412.66910365125227,535000,-0.5414267050585476,-3.7701742107431055,10.869169416108596,33.249455571075366,34.98092536753402,0,0,0,0,0,8,8,1,1
1,2013,6,30,0,41453.0,84.73690258899707,-113.83874018317172,338,369,986.5419996528507,998.5419996528507,12.0,20.991106286802104,6.813251724929651,455.9562966050456,653125,-1.6046823948250677,-11.164636025097618,0.8049632435147245,18.554685983601672,18.57213875065212,0,0,0,0,0,9,9,1,1
1,2013,6,30,3,41453.125,85.04120398573185,-118.30075576600638,340,370,985.9551682930838,997.9551682930838,12.0,21.488351562697204,9.931538724894926,428.51489541470346,576875,-0.586831359766802,-4.08096147913301,-14.292136913841963,11.27892382925378,18.206572997412575,0,0,0,0,0,10,10,1,1
1,2013,6,30,6,41453.25,84.84283073402223,-117.12130340415867,339,370,986.0804261536792,998.0804261536792,12.0,21.390796187253912,10.941733028950184,434.737271143878,593750,0.12525786059544772,0.8713392073944968,3.9295126274553436,-7.352699724030924,8.33686168297732,0,0,0,0,0,9,9,1,1
1,2013,6,30,9,41453.375,84.84283073402223,-117.12130340415867,339,370,986.9438820168153,996.9438820168153,10.0,21.167118416986607,10.8700343227134,328.37093955580036,338750,0.8634558631360414,6.006512835430248,0.0,0.0,0.0,0,0,0,0,0,10,10,1,1
1,2013,6,30,12,41453.5,84.84283073402223,-117.12130340415867,339,370,988.2699658964838,996.2699658964838,8.0,19.884288212884957,9.423755514467338,285.5992092681567,256250,1.3260838796684402,9.22472147581061,0.0,0.0,0.0,0,0,0,0,0,10,10,1,1
1,2013,6,30,15,41453.625,84.84283073402223,-117.12130340415867,339,370,988.7591928069169,996.7591928069169,8.0,19.401429499962152,8.060304337728594,300.2024092604617,283125,0.4892269104330626,3.4032402145969254,0.0,0.0,0.0,0,0,0,0,0,11,11,1,1
1,2013,6,30,18,41453.75,84.73690258899707,-119.29136217098426,339,371,989.9649962237138,997.9649962237138,8.0,18.09072555259563,7.252947874742022,325.6331998352982,333125,1.205803416796989,8.38942105289629,-7.377637577175468,-3.9262241052228557,8.357318466145976,0,0,0,0,0,13,13,1,1
1,2013,6,30,21,41453.875,84.23630368911435,-119.05460409907714,337,372,991.6998077885628,997.6998077885628,6.0,16.843092913935234,6.233732195605553,256.22531886097215,206250,1.7348115648489328,12.080198041921612,0.8812800655184868,-18.554685983601672,18.575602991664756,0,0,0,0,0,9,9,1,1
1,2013,7,1,0,41454.0,83.53823583402195,-117.89727103094764,334,373,993.8097367191417,997.8097367191417,4.0,15.05292191969982,5.362432490945793,220.32307560268868,152500,2.109928930578899,14.711475796065127,4.827499424739239,-25.873867979974758,26.320368442349373,0,0,0,0,0,11,11,1,1
1,2013,7,1,3,41454.125,82.82376758830202,-112.96377305985456,330,372,995.1717647651963,999.1717647651963,4.0,14.035565883727465,4.56174322587387,245.92453796829673,190000,1.3620280460546201,9.510909802488968,22.836228335989233,-26.481748057564513,34.9682184961968,0,0,0,0,0,10,10,1,1
1,2013,7,1,6,41454.25,82.06548119795731,-108.94650468950907,326,371,996.6697777491927,1000.6697777491927,4.0,12.760251869954693,3.821727050493646,266.5012070418412,223125,1.4980129839964502,10.47885797507806,20.550208933228173,-28.105866516649186,34.81739249069397,0,0,0,0,0,10,10,1,1
1,2013,7,1,9,41454.375,81.3324552007275,-104.21585347367355,322,369,998.0461856848738,1002.0461856848738,4.0,11.958918027322799,2.884498980966673,305.13217088461647,292500,1.3764079356810544,9.646199192918889,26.416776539924168,-27.169590663507815,37.895022622804426,0,0,0,0,0,8,8,1,1
1,2013,7,1,12,41454.5,80.54918687830092,-100.24408744645864,318,367,998.807751026574,1002.807751026574,4.0,10.732352759194939,3.1426324947668762,350.0704303147574,385000,0.7615653417001886,5.348880201909941,24.167857357160262,-29.031821218410006,37.774753109633515,0,0,0,0,0,8,8,1,1
1,2013,7,1,15,41454.625,79.50370062352418,-96.74557964748281,313,365,999.3226676689482,1001.3226676689482,2.0,9.836673571900079,3.8533411669088675,247.53717516845768,192500,0.5149166423741554,3.62815829417509,23.61908145294994,-38.750922469264744,45.381659300867916,0,0,0,0,0,10,10,1,1
1,2013,7,1,18,41454.75,79.57114086150224,-88.15238973400541,313,358,999.6101638475561,999.6101638475561,0.0,8.672033950417521,3.1341640254884258,14.104739588693906,625,0.28749617860798027,2.025288873048769,57.60202786224632,2.4996707716210524,57.65623962598929,0,0,0,0,0,9,9,1,1
1,2013,7,1,21,41454.875,78.22625126659021,-89.45434240658429,307,359,1000.4308691698129,1000.4308691698129,0.0,8.139788859985144,3.5746548680021077,14.104739588693906,625,0.8207053222568357,5.808212359696255,-9.846487356826055,-49.84829995042488,50.81147824277173,0,0,0,0,0,9,9,1,1
1,2013,7,2,0,41455.0,78.22625126659021,-89.45434240658429,307,359,,,,8.139788859985144,,0.0,0,0.0,,0.0,0.0,0.0,0,3,0,0,0,9,9,0,0
2,2013,6,26,21,41449.875,53.454049727323714,-37.90632707221289,261,233,1012.6662988544184,1012.6662988544184,0.0,7.599302257997035,5.970691867858331,14.104739588693906,625,,,,,,3,0,0,0,0,3,3,1,1
2,2013,6,27,0,41450.0,54.4467413460252,-35.878974005468,268,233,1012.1991298137349,1014.1991298137349,2.0,8.949252433553864,7.512893972111632,260.07854739300495,212500,-0.4671690406835114,-3.9782940011768697,43.69155961024354,36.794090574059666,57.12055218874876,0,0,0,0,0,4,4,1,1
2,2013,6,27,3,41450.125,55.95171117154801,-31.62003687293869,281,232,1011.4430159958522,1013.4430159958522,2.0,9.753092209131966,8.5535297458493,148.60265258063356,69375,-0.7561138178827241,-6.322381382863981,88.36903285571715,55.78166978376124,104.50206051422813,0,0,0,0,0,4,4,1,1
2,2013,6,27,6,41450.25,57.21594051868037,-28.784706730275882,290,233,1010.2341397794944,1012.2341397794944,2.0,10.256887504580453,8.684302148896313,143.1474726395179,64375,-1.2088762163577484,-9.962136244714921,56.900214423910974,46.85862983876022,73.71136677509783,0,0,0,0,0,4,4,1,1
2,2013,6,27,9,41450.375,58.69823676487391,-25.543678708500916,300,235,1008.6474318373528,1010.6474318373528,2.0,11.179766949534429,10.290608471354572,113.71604603668075,40625,-1.5867079421416566,-12.86573489882624,62.40619971041031,54.941274120331926,83.14491784986663,0,0,0,0,0,3,3,1,1
2,2013,6,27,12,41450.5,59.97487303095363,-22.403655485578064,309,237,1007.6702084482848,1009.6702084482848,2.0,11.341766719618217,8.867768328652092,126.15662610100802,50000,-0.977223389067949,-7.819767798395555,58.23117522037901,47.318491986172766,75.03272253751679,0,0,0,0,0,3,3,1,1
2,2013,6,27,15,41450.625,61.28961234861668,-19.577855155988647,317,240,1005.452104336647,1007.452104336647,2.0,12.547380507250576,7.968869860533523,119.6826841204298,45000,-2.2181041116378037,-17.521597264537167,50.310486849665885,48.73078066141981,70.04165953860466,0,0,0,0,0,4,4,1,1
2,2013,6,27,18,41450.75,62.67681544132107,-17.085297944487298,324,244,1002.3029164421913,1006.3029164421913,4.0,13.727665776811138,12.410773474305751,161.43612337794121,81875,-3.149187894455681,-24.558125250637598,42.403637178160075,51.41664871145653,66.64638182718072,0,0,0,0,0,3,3,1,1
2,2013,6,27,21,41450.875,63.43927388094926,-15.041329473180658,329,246,1000.0521489891975,1004.0521489891975,4.0,14.220475111191673,12.134287222863204,154.50968080927584,75000,-2.250767452993896,-17.43371176796611,33.87418928705026,28.26050342132715,44.11481331119689,0,0,0,0,0,3,3,1,1
2,2013,6,28,0,41451.0,64.66339570711257,-12.611885146599088,335,250,997.3094448567105,999.3094448567105,2.0,15.4395873628498,11.27180298872343,98.73317712085735,30625,-2.742704132486979,-21.024358532385882,38.532063583249375,45.37204555474426,59.52598123345268,0,0,0,0,0,4,4,1,1
2,2013,6,28,3,41451.125,65.75023763658976,-10.996272580887428,339,254,994.9351789008036,998.9351789008036,4.0,16.292901229453474,9.248986836796321,200.46601490203662,126250,-2.374265955906885,-18.041293173373607,24.59402547094294,40.283769540815776,47.19796793594982,0,0,0,0,0,3,3,1,1
2,2013,6,28,6,41451.25,67.00101854335321,-9.877836289855567,342,259,992.7724795242244,996.7724795242244,4.0,16.886252494245454,7.720177095943435,207.2964896828013,135000,-2.1626993765791123,-16.277489129612047,16.19678990879205,46.36016372532537,49.108052129854656,0,0,0,0,0,3,3,1,1
2,2013,6,28,9,41451.375,67.75263106692353,-9.032969698971092,344,262,992.0540656467562,1002.0540656467562,10.0,17.419467429558484,6.278289624651297,587.6786762418839,1085000,-0.7184138774682651,-5.377640227137305,11.855943166163648,27.85849980784403,30.276383534083926,0,0,0,0,0,4,4,1,1
2,2013,6,28,12,41451.5,68.65384902358105,-9.412629436866155,344,266,991.460071508731,1001.460071508731,10.0,17.325325502689754,6.26525551433173,561.3615477764332,990000,-0.5939941380253003,-4.418423317965813,-5.122250785881857,33.40362152709762,33.79407321171934,0,0,0,0,0,8,8,1,1
2,2013,6,28,15,41451.625,69.10353941328243,-9.614569270900953,344,268,990.8565624300761,1002.8565624300761,12.0,17.599148483283948,5.580355546006758,642.6562668514705,1297500,-0.6035090786547517,-4.475610041340686,-2.669713307309371,16.667763298536237,16.880216305464106,0,0,0,0,0,7,7,1,1
2,2013,6,28,18,41451.75,69.1404048430416,-9.004779125277297,345,268,990.3116389299031,1004.3116389299031,14.0,18.175660144774646,5.333539309604239,752.3262366623624,1778125,-0.5449235001730267,-4.040149039215914,8.048015943908576,1.3664162525967352,8.163188960741211,0,0,0,0,0,7,7,1,1
2,2013,6,28,21,41451.875,69.36539925135367,-9.102622488291916,345,269,990.2762972611471,1002.2762972611471,12.0,18.23356401553075,5.155608304313501,585.8138322384505,1078125,-0.03534166875600931,-0.26163923450387505,-1.2780251689548878,8.339412242565366,8.43677336924083,0,0,0,0,0,5,5,1,1
2,2013,6,29,0,41452.0,69.55260716097001,-9.825277042148457,344,270,989.3992412064114,1003.3992412064114,14.0,18.859051024467824,6.254862468640423,642.1917519611053,1295625,-0.8770560547357309,-6.485022153816528,-9.357271163063276,6.938856592357067,11.649302744301595,0,0,0,0,0,4,4,1,1
2,2013,6,29,3,41452.125,69.91671083870736,-11.309932474020213,342,272,988.5334144573442,1002.5334144573442,14.0,19.06483054720865,7.13651075348549,569.9780939530319,1020625,-0.8658267490672006,-6.386988040993936,-18.89561294182805,13.495493912339256,23.220089241546113,0,0,0,0,0,4,4,1,1
2,2013,6,29,6,41452.25,70.09343064587725,-12.072137346835865,341,273,987.2135383724899,1003.2135383724899,16.0,20.223090104378315,8.066929937693567,606.503802313838,1155625,-1.3198760848543316,-9.725475741695487,-9.619081399988344,6.550115331632517,11.637471281910392,0,0,0,0,0,7,7,1,1
2,2013,6,29,9,41452.375,69.99336216392868,-13.33278357056382,339,273,986.4029189746948,1002.4029189746948,16.0,21.368660754180162,10.244662651076142,507.57468822825047,809375,-0.8106193977950897,-5.976819087188568,-15.985974151871877,-3.7090358365678093,16.410615967149436,0,0,0,0,0,6,6,1,1
2,2013,6,29,12,41452.5,69.71871322687177,-13.804902412124347,338,272,984.6686865239961,1002.6686865239961,18.0,23.06949161253319,15.82482529431116,516.318244572981,837500,-1.7342324506986189,-12.809260909826616,-6.065676639208133,-10.17985613635005,11.849974854328556,0,0,0,0,0,6,6,1,1
2,2013,6,29,15,41452.625,69.71871322687177,-13.804902412124347,338,272,984.4816446475129,1000.4816446475129,16.0,22.866231043340655,16.496075222150974,397.44343121846424,496250,-0.18704187648327206,-1.3815150304520267,0.0,0.0,0.0,0,0,0,0,0,5,5,1,1
2,2013,6,29,18,41452.75,69.77183816226773,-13.185761302187698,339,272,984.5524725639337,1000.5524725639337,16.0,22.333550452782937,15.848352717389936,402.6649950950149,509375,0.07082791642082156,0.522965013346476,7.934609319287608,1.9690744314503248,8.17528465353453,0,0,0,0,0,5,5,1,1
2,2013,6,29,21,41452.875,69.87085395941958,-11.938150494504841,341,272,985.1889356352558,1001.1889356352558,16.0,21.58292452677916,19.41703534884313,416.50796867546956,545000,0.6364630713220686,4.696405161081678,15.913551269681566,3.670018100317084,16.331262868175223,0,0,0,0,0,5,5,1,1
2,2013,6,30,0,41453.0,69.87085395941958,-11.938150494504841,341,272,985.8138816827261,999.8138816827261,14.0,20.133825992410202,15.973524874819631,352.900471761385,391250,0.6249460474702937,4.611422052563814,0.0,0.0,0.0,0,0,0,0,0,5,5,1,1
2,2013,6,30,3,41453.125,70.13977871290025,-11.437256218907596,342,273,986.2820023031469,998.2820023031469,12.0,18.679679599713385,13.292272318700707,325.9385287348523,333750,0.4681206204208138,3.448326732086906,6.307222993246103,9.967689412063585,11.795587908277266,0,0,0,0,0,4,4,1,1
2,2013,6,30,6,41453.25,70.18364709804618,-10.799515869731461,343,273,987.415073795108,999.415073795108,12.0,16.830706601009656,11.481191190863392,381.6107610236958,457500,1.1330714919611637,8.344263026453913,8.013340257624929,1.6259806227720417,8.176639595218964,0,0,0,0,0,4,4,1,1
2,2013,6,30,9,41453.375,70.71221165342864,-9.736988270402748,345,275,989.2448298125194,999.2448298125194,10.0,15.301614170635872,10.186512278355803,355.707997883175,397500,1.8297560174112733,13.430772350545148,13.008414347110932,19.591232320889095,23.516701037287756,0,0,0,0,0,4,4,1,1
2,2013,6,30,12,41453.5,71.19791492434203,-9.293308599397115,346,277,990.7074264973254,998.7074264973254,8.0,13.535396266944517,9.210716798741196,314.44396702089864,310625,1.4625966848060488,10.704379169538164,5.300206331917469,18.00257986007888,18.76659449072782,0,0,0,0,0,6,6,1,1
2,2013,6,30,15,41453.625,71.94009756309558,-8.230975101190328,348,280,992.2296933076004,998.2296933076004,6.0,11.983068622418608,8.159098944531651,280.6807738882166,247500,1.522266810275032,11.093098387721314,12.206644177295166,27.50898135768826,30.095617910399085,0,0,0,0,0,6,6,1,1
2,2013,6,30,18,41453.75,72.42072165443662,-7.715673563548468,349,282,993.6789709020113,997.6789709020113,4.0,10.11903569363308,6.229650427743691,243.89374731754785,186875,1.44927759441096,10.532770505842542,5.7685534231652,17.81432019342514,18.72501568890626,0,0,0,0,0,7,7,1,1
2,2013,6,30,21,41453.875,73.12420562710399,-7.26695440581169,350,285,995.3262170580181,997.3262170580181,2.0,8.68814355168482,4.340546874114007,175.60259173501603,96875,1.6472461560067313,11.926035210274017,4.82815578304793,26.07461624545666,26.517856259758474,0,0,0,0,0,3,3,1,1
2,2013,7,1,0,41454.0,73.12420562710399,-7.26695440581169,350,285,,,,8.68814355168482,,0.0,0,0.0,,0.0,0.0,0.0,0,3,0,0,0,3,3,0,0
3,2013,6,27,3,41450.125,44.27896023198856,-60.917364699875016,186,263,1008.6051232372098,1010.6051232372098,2.0,7.697028384540645,3.217433069705876,294.85316288611835,273125,,,,,,3,0,0,0,0,7,7,1,1
3,2013,6,27,6,41450.25,44.848600384592444,-59.18649429356072,191,259,1007.8818588754827,1009.8818588754827,2.0,8.70844607742337,2.8470137564725153,248.33956681952523,193750,-0.7232643617270514,-7.105314563590997,45.48305430325894,21.113698327528,50.144755317172105,0,0,0,0,0,7,7,1,1
3,2013,6,27,9,41450.375,45.912532942662345,-57.34553514905219,198,256,1007.3605267799844,1009.3605267799844,2.0,10.24396488961395,6.185301321572769,195.44100476116796,120000,-0.5213320954983647,-5.028543498538002,47.47390979384332,39.434634249780075,61.71598244804907,0,0,0,0,0,6,6,1,1
3,2013,6,27,12,41450.5,46.256385340300255,-56.351662823169455,201,254,1007.318646576322,1011.318646576322,4.0,11.458283433018227,8.071988583669153,288.3720821534486,261250,-0.041880203662440184,-0.4016307946301712,25.470724188882823,12.744880710634517,28.481393488283615,0,0,0,0,0,6,6,1,1
3,2013,6,27,15,41450.625,46.45784513040119,-56.184192120990595,202,254,1007.0694812862265,1011.0694812862265,4.0,11.733282453814848,7.623432009316384,251.5235374254831,198750,-0.2491652900954068,-2.381493493073442,4.276132426672857,7.467102194033785,8.60481979512571,0,0,0,0,0,6,6,1,1
3,2013,6,27,18,41450.75,46.645942235248086,-54.92096089317167,205,251,1007.3718842905454,1011.3718842905454,4.0,11.740962271871444,4.6979318307118225,273.5010479928565,235000,0.30240300431891226,2.881359318166549,32.14292755958816,6.971814591834649,32.890332786456426,0,0,0,0,0,4,4,1,1
3,2013,6,27,21,41450.875,47.19991116962933,-53.28370997410536,210,248,1007.325736965425,1013.325736965425,6.0,12.365645124537261,6.640110340291649,376.3613946086751,445000,-0.04614732512040064,-0.4357441634121945,41.23098190999359,20.532845007295798,46.060738089568765,0,0,0,0,0,4,4,1,1
3,2013,6,28,0,41451.0,48.95499036162678,-51.115503566285405,220,247,1006.2630826098954,1014.2630826098954,8.0,14.281796601510298,5.59928877643164,384.46736323984356,464375,-1.0626543555296666,-9.761792902790681,52.76970595439643,65.05196733651582,83.76395597668834,0,0,0,0,0,3,3,1,1
3,2013,6,28,3,41451.125,49.54371606882485,-50.04916646758286,224,246,1004.3321605022862,1014.3321605022862,10.0,16.004786591418284,7.807052882763238,402.9119531035698,510000,-1.9309221076090761,-17.581546224792966,25.64547509184923,21.821103941885283,33.672703632604566,0,0,0,0,0,2,2,1,1
3,2013,6,28,6,41451.25,50.116225420346204,-48.95317950179724,228,245,1002.4186146837678,1016.4186146837678,14.0,17.18873553174081,7.396364392166797,551.1687560327193,954375,-1.9135458185184688,-17.276979349882087,26.048375021850205,21.22004511524669,33.59774034026775,0,0,0,0,0,2,2,1,1
3,2013,6,28,9,41451.375,50.49477541975256,-48.049760469268435,231,244,1001.4642450402782,1015.4642450402782,14.0,18.13559034027771,10.512513017749297,479.7685238181572,723125,-0.9543696434896265,-8.569664666265885,21.30143380183139,14.030946471762492,25.507225268681605,0,0,0,0,0,1,1,1,1
3,2013,6,28,12,41451.5,51.21892023465778,-46.19348942398204,237,242,1001.850166617674,1013.850166617674,12.0,17.57454965936463,8.028433260360543,418.6518614313685,550625,0.385921577395784,3.4298772599959513,43.09314272499633,26.84040985780802,50.76836171526537,0,0,0,0,0,3,3,1,1
3,2013,6,28,15,41451.625,52.39877543413933,-44.0164780808609,245,241,1000.9000290764358,1012.9000290764358,12.0,18.370168561142346,10.1617278275211,413.63216004535656,537500,-0.9501375412382186,-8.30864619730719,49.23265268534757,43.73130411918422,65.85044457253603,0,0,0,0,0,3,3,1,1
3,2013,6,28,18,41451.75,53.198091238773515,-42.23787168662119,251,240,1000.6487238240583,1010.6487238240583,10.0,17.94962011967178,11.563939551516233,360.4306067730092,408125,-0.2513052523774968,-2.174433671993456,39.49077510514568,29.626620754044723,49.36859300921171,0,0,0,0,0,2,2,1,1
3,2013,6,28,21,41451.875,53.95717279768113,-40.38523342211156,257,239,1000.4557731430366,1008.4557731430366,8.0,17.749638867397696,11.503145513261625,331.38634663094945,345000,-0.19295068102161167,-1.6532758764692659,40.40239585321505,28.135339419989926,49.23363601195759,0,0,0,0,0,2,2,1,1
3,2013,6,29,0,41452.0,54.92230760001469,-37.35323798643283,266,237,1000.7656722683328,1004.7656722683328,4.0,17.682394993547188,7.442658349836346,232.19331810450433,169375,0.30989912529606956,2.6235503055576004,64.57872143860868,35.772697849196774,73.8247734439825,0,0,0,0,0,1,1,1,1
3,2013,6,29,3,41452.125,55.760845568421786,-35.53767779197438,272,237,1000.0726135766463,1002.0726135766463,2.0,16.967566947927345,9.096274870979396,158.95234259311306,79375,-0.6930586916864558,-5.808241371668958,37.86161023381835,31.080389295234884,48.9846111369778,0,0,0,0,0,1,1,1,1
3,2013,6,29,6,41452.25,56.81763519368797,-32.98274815743553,280,237,998.8264825868707,1000.8264825868707,2.0,17.387205864850923,5.93800767933506,166.29242725457107,86875,-1.2461309897755564,-10.315581669932719,51.82596363558366,39.16988162006803,64.96314441963985,0,0,0,0,0,4,4,1,1
3,2013,6,29,9,41452.375,57.76142734659568,-31.17134902771985,286,238,997.9522287382391,999.9522287382391,2.0,17.546174381354554,6.50332773968148,163.27416503504918,83750,-0.8742538486316335,-7.160987475261814,35.814200156563274,34.98163307009432,50.06367530560549,0,0,0,0,0,3,3,1,1
3,2013,6,29,12,41452.5,58.46423261062965,-29.054604099077146,292,238,996.7337242188128,1002.7337242188128,6.0,18.52774701725275,5.400208058432472,510.8953969950291,820000,-1.218504519426351,-9.904857471840751,41.03377853436007,26.049459926555592,48.60396427527424,0,0,2,0,0,3,3,1,2
3,2013,6,29,15,41452.625,58.906614074829236,-27.593086966902003,296,238,995.2671055321443,1001.2671055321443,6.0,19.51024078144798,5.475767571028264,445.36147995563624,623125,-1.466618686668371,-11.865836075853606,27.97526601708218,16.39685815352854,32.42641617622041,0,0,0,0,0,3,3,1,1
3,2013,6,29,18,41452.75,59.627765987784265,-24.93939697957889,303,238,993.9944967193935,999.9944967193935,6.0,18.735063005005255,3.335374504200154,395.1844985686082,490625,-1.272608812750841,-10.219417674390712,49.728525151999754,26.729478020205974,56.4569854758979,0,0,0,0,0,3,3,1,1
3,2013,6,29,21,41452.875,60.099592547890914,-22.97054881425923,308,238,992.5316665682457,1000.5316665682457,8.0,19.4757401048375,3.9403179408302096,484.7189750148126,738125,-1.4628301511477912,-11.690926324056615,36.37640170985999,17.48823991333776,40.3618772683279,0,0,0,0,0,3,3,1,1
3,2013,6,30,0,41453.0,60.61575095588806,-20.53020138754586,314,238,991.6393799653582,999.6393799653582,8.0,19.529222007050873,2.782835487674092,454.64544684907946,649375,-0.8922866028874705,-7.094682883351582,44.378728424240244,19.13139877140491,48.32682438876966,0,0,0,0,0,3,3,1,1
3,2013,6,30,3,41453.125,61.145699498347085,-17.581972942539576,321,238,989.3148387665768,999.3148387665768,10.0,20.513270808739794,3.9041812714294792,467.80128981369444,687500,-2.3245411987813713,-18.387736521221623,52.7303883005717,19.642529768040642,56.27008819983697,0,0,0,0,0,2,2,1,1
3,2013,6,30,6,41453.25,61.570212308726354,-16.415279676199535,324,239,987.7487392061661,997.7487392061661,10.0,21.613792243954677,4.491249300302952,409.52352958418,526875,-1.566099560410803,-12.338232285921174,20.587133617417873,15.734556936599402,25.911510040375987,0,0,0,0,0,3,3,1,1
3,2013,6,30,9,41453.375,61.75868861047043,-15.094062825036577,327,239,987.7037548207984,997.7037548207984,10.0,22.16335887256882,3.820102499199493,396.94255713009204,495000,-0.044984385367715735,-0.3537732450579545,23.171935648391013,6.985869515556717,24.20208616176628,0,0,0,0,0,1,1,1,1
3,2013,6,30,12,41453.5,62.435183011048146,-13.523160650416017,331,241,987.5784636022349,997.5784636022349,10.0,21.962251628046957,5.772018366534467,403.15875983611977,510625,-0.12529121856336134,-0.9791933108569841,26.943266932404352,25.07424841589812,36.805673022143786,0,0,0,0,0,2,2,1,1
3,2013,6,30,15,41453.625,62.8146787551654,-12.244527870249854,334,242,987.6362826024782,997.6362826024782,10.0,21.6056190693315,6.465923231782799,410.73621666150774,530000,0.0578190002431802,0.4503279608103643,21.651855011429586,14.066000476346904,25.81966682272565,0,0,0,0,0,3,3,1,1
3,2013,6,30,18,41453.75,62.68254699150298,-11.2169199266474,336,241,988.1700959982519,996.1700959982519,8.0,20.789969590201213,6.504107272409747,355.428243221036,396875,0.5338133957737591,4.1625902420754946,17.479289127407796,-4.897460589286367,18.15242872519073,0,0,0,0,0,3,3,1,1
3,2013,6,30,21,41453.875,63.30234808485845,-9.502194003616594,340,243,989.1759863919054,997.1759863919054,8.0,19.21040693163129,4.762233792991319,395.6875980703111,491875,1.0058903936535353,7.800640955420597,28.55386408446038,22.972912369959392,36.6480266441683,0,0,0,0,0,1,1,1,1
3,2013,7,1,0,41454.0,63.63601949678302,-8.13010235415598,343,244,989.4776888371082,997.4776888371082,8.0,18.459111309958686,3.4868626207334454,387.302896792822,471250,0.3017024452026817,2.332897993065458,22.58353343439623,12.367522724112938,25.748234904822937,0,0,0,3,0,2,2,1,1
3,2013,7,1,3,41454.125,63.724998616927266,-6.666659890901366,346,244,989.5082567391802,997.5082567391802,8.0,17.869822854575364,3.379152365414193,399.19154145693045,500625,0.030567902072070864,0.23618316236786224,24.011527226219812,3.2980089124456606,24.2369614952466,0,0,0,0,0,2,2,1,1
3,2013,7,1,6,41454.25,64.43697533174357,-6.34019174590991,347,247,989.7191959810588,997.7191959810588,8.0,16.83362235132067,4.128051570356256,403.65192058297936,511875,0.2109392418785137,1.6200108890820721,5.221418989565123,26.389399525544203,26.900996702415767,0,0,0,0,0,2,2,1,1
3,2013,7,1,9,41454.375,65.12197767688137,-6.512423029287851,347,250,990.1134223386014,1000.1134223386014,10.0,16.258445780785593,4.811917801880991,577.6058772696013,1048125,0.39422635754264773,3.0106524655439886,-2.6855645556998016,25.389595172983004,25.53123185494176,0,0,0,0,0,2,2,1,1
3,2013,7,1,12,41454.5,66.0334409493061,-6.7570975445058945,347,254,989.905168235885,995.905168235885,6.0,15.922642951023223,5.576840919310053,303.8253889873249,290000,-0.20825410271645522,-1.5789604616479858,-3.683797174258642,33.783363905492344,33.983614263229846,0,0,0,0,0,3,3,1,1
3,2013,7,1,15,41454.625,66.88245412317008,-8.13010235415598,345,258,988.9606972478025,994.9606972478025,6.0,16.438927406821477,7.575555213218249,279.615567867552,245625,-0.9444709880824667,-7.114795746406676,-19.98011824513101,31.4686525293564,37.27574569479176,0,0,0,0,0,4,4,1,1
3,2013,7,1,18,41454.75,67.33519616409464,-8.291271491691063,345,260,987.7885741854235,993.7885741854235,6.0,17.334274185988946,6.920611405128292,265.0039974024898,220625,-1.1721230623789598,-8.800311043237533,-2.3019121335340245,16.780872676504977,16.938018988523492,0,0,0,0,0,3,3,1,1
3,2013,7,1,21,41454.875,67.67639508916893,-10.175510843043208,342,262,987.4447776732055,993.4447776732055,6.0,17.597111655278034,8.337892164808727,254.66770370415514,203750,-0.34379651221795937,-2.5748700968578104,-26.52654258327188,12.646529814945856,29.386938897790134,0,0,0,0,0,4,4,1,1
3,2013,7,2,0,41455.0,68.12582124611649,-10.384020687620144,342,264,986.0887922659183,996.0887922659183,10.0,18.693441762440692,7.850228167150272,414.35298340953466,539375,-1.3559854072872257,-10.123383005754853,-2.87937011274099,16.657969517976422,16.90499099993779,0,0,0,0,0,2,2,1,1
3,2013,7,2,3,41455.125,68.03898747970419,-11.540497746609342,340,264,984.4949928435893,994.4949928435893,10.0,19.431388491054378,9.592624950544632,378.469878303024,450000,-1.5937994223290297,-11.906089486852085,-16.030152759116653,-3.218491428828754,16.350060689736274,0,0,0,0,0,4,4,1,1
3,2013,7,2,6,41455.25,68.21534311812597,-12.239599836931848,339,265,983.56174443372,993.56174443372,10.0,19.913981415304974,10.736386451220897,332.2856328070812,346875,-0.9332484098692657,-6.962995274480732,-9.61646380478527,6.53661742588798,11.627714456468546,0,0,0,0,0,4,4,1,1
3,2013,7,2,9,41455.375,68.21534311812597,-12.239599836931848,339,265,983.3400544024596,993.3400544024596,10.0,20.10633497400781,12.409343465997663,309.6624827338096,301250,-0.2216900312603684,-1.6540361855871473,0.0,0.0,0.0,0,0,0,0,0,4,4,1,1
3,2013,7,2,12,41455.5,68.61057528078294,-13.085059936232183,338,267,983.575534537129,993.575534537129,10.0,19.79154687396963,10.170668133927247,313.17604263477836,308125,0.2354801346693421,1.7521358326017133,-11.428653141147715,14.649270444737192,18.579968707823923,0,0,0,0,0,4,4,1,1
3,2013,7,2,15,41455.625,68.88363356714434,-12.628221917390432,339,268,984.4524783368265,994.4524783368265,10.0,18.913408509263405,10.655110264952164,352.6184897173477,390625,0.8769437996974738,6.51298766034867,6.1002125432872365,10.120898707215199,11.81715632946392,0,0,0,0,0,3,3,1,1
3,2013,7,2,18,41455.75,69.32815167581049,-12.901072745214801,339,270,986.0912549275237,994.0912549275237,8.0,17.36769518978154,9.361602597510428,294.85316288611835,273125,1.6387765906972345,12.13506174074341,-3.5701134407786568,16.476052828436643,16.858411158394006,0,0,0,0,0,4,4,1,1
3,2013,7,2,21,41455.875,69.55010030543058,-13.041890526661971,339,271,988.3230685205268,994.3230685205268,6.0,15.41684732847712,7.617117911461755,251.9187042636836,199375,2.2318135930031713,16.5024762486139,-1.8235990691299317,8.22652052982209,8.42621822602025,0,0,0,0,0,3,3,1,1
3,2013,7,3,0,41456.0,70.2146690450079,-13.48306002740526,339,274,989.8317647377708,995.8317647377708,6.0,14.2053519471045,8.57924577572514,279.615567867552,245625,1.5086962172438507,11.108305460462685,-5.53506978806523,24.632224082522505,25.246454420578626,0,0,0,0,0,3,3,1,1
3,2013,7,3,3,41456.125,70.98177070235978,-15.433424495222857,337,278,990.6945365511403,994.6945365511403,4.0,13.195010315544568,8.931499232294373,200.96160531198103,126875,0.8627718133696181,6.32257666193215,-23.55611978362976,28.432604172720556,36.922943535196644,0,0,0,0,0,3,3,1,1
3,2013,7,3,6,41456.25,71.07334224244421,-16.927513064147043,335,279,991.2748900330881,995.2748900330881,4.0,12.17007218600481,10.285553045399938,177.8539989415875,99375,0.5803534819478228,4.250618474065634,-17.96193335803552,3.394096894139101,18.279796051524038,0,0,0,0,0,4,4,1,1
3,2013,7,3,9,41456.375,70.93614335112204,-18.221159593044895,333,279,992.5617210166986,996.5617210166986,4.0,11.207421400118754,11.958145886123239,159.57691216057307,80000,1.2868309836104164,9.432765269182552,-15.660881153933435,-5.085273552094168,16.465819312055377,0,0,0,0,0,3,3,1,1
3,2013,7,3,12,41456.5,70.86389107559792,-18.860931899565163,332,279,994.4400079540276,998.4400079540276,4.0,9.030304597287815,11.328950795990895,195.44100476116796,120000,1.8782869373289577,13.774286170618794,-7.773449644164543,-2.6780288256027416,8.22182204630586,0,0,0,0,0,4,4,1,1
3,2013,7,3,15,41456.625,70.86389107559792,-18.860931899565163,332,279,,,,9.030304597287815,,0.0,0,0.0,,0.0,0.0,0.0,0,3,0,0,0,4,4,0,0
4,2013,6,27,15,41450.625,56.3965078941129,115.43835053989464,493,423,992.9317740729703,1000.9317740729703,8.0,11.582631598941472,13.684985962666541,604.8614927671413,1149375,,,,,,3,0,0,0,0,20,20,1,1
4,2013,6,27,18,41450.75,57.65955493431074,116.47510497229698,487,423,992.056438363339,1000.056438363339,8.0,12.692777020137628,15.406234672275751,479.56114601559284,722500,-0.8753357096313266,-7.177909216772076,20.556429205746216,46.814807661141906,51.129179516598604,0,0,0,0,0,22,22,1,1
4,2013,6,27,21,41450.875,59.739007738417754,115.50946949202459,480,417,991.9013178960045,999.9013178960045,8.0,12.452411873784937,9.281868548732382,474.1374875680072,706250,-0.15512046733449097,-1.2442489251240745,-18.03647512984783,77.0748673378338,79.15711976982423,0,0,0,0,0,21,21,1,1
4,2013,6,28,0,41451.0,58.79803508338376,117.96223220437436,481,424,991.7598137012261,999.7598137012261,8.0,12.93187639114101,8.474539870176159,489.21288379849284,751875,-0.14150419477839024,-1.146166876104308,47.09469467371317,-34.87712845034696,58.60310875160352,0,0,0,0,0,21,21,1,1
4,2013,6,28,3,41451.125,59.838392858952155,118.00917670801385,477,422,991.1268448192426,999.1268448192426,8.0,12.278039720804585,8.214913640210652,491.0394472791585,757500,-0.6329688819835428,-5.072030823530956,0.8742452300010644,38.56083551280809,38.570744615161644,0,0,0,0,0,20,20,1,1
4,2013,6,28,6,41451.25,61.17297451013773,118.87978914340809,471,421,990.7232826098029,996.7232826098029,6.0,11.786936412524955,7.789967108586353,386.53163237633834,469375,-0.40356220943955123,-3.1914472268644256,15.559040988470889,49.46623626825128,51.8554942800411,0,0,0,0,0,18,18,1,1
4,2013,6,28,9,41451.375,62.94354761721718,118.17105416636024,465,416,990.5411781113763,996.5411781113763,6.0,11.764050808931968,5.956703834510117,388.0726283837936,473125,-0.18210449842663365,-1.4167026330637813,-11.948982800019262,65.62624892017585,66.70519273106135,0,0,0,0,0,17,17,1,2
4,2013,6,28,12,41451.5,63.88188371283389,116.45422775723222,463,411,991.6710741153157,1000.6937193173014,9.022645201985725,11.083904071779967,12.276447607087976,1098.5410124316236,3791250,1.1298960039393569,8.718398532488719,-28.01236820397852,34.77940444001402,44.657583293292234,0,0,2,0,0,23,22,2,0
4,2013,6,28,15,41451.625,63.693329745428485,106.72281304365278,471,393,989.5072700975649,1001.5072700975649,12.0,11.854837517434483,8.197216848519165,1126.8795420072458,3989375,-1.1864492197365326,-9.169613811803048,-12.986006352658677,13.188981756060391,18.509068068192555,0,0,0,0,2,17,17,1,2
4,2013,6,28,18,41451.75,64.10580907573848,105.43046866673224,470,390,988.0606913917195,1002.0606913917195,14.0,13.526291541443277,8.528239169900335,1160.538110496663,4231250,-1.446578705845459,-11.140693982306182,-20.918389273611677,15.288536292071857,25.909811881917445,0,0,0,0,0,18,18,1,2
4,2013,6,28,21,41451.875,64.44713437346107,104.58891873287463,469,388,987.6583715050803,1000.912036756584,13.253665251503698,14.603731474404826,7.835785324924509,1027.8088026342523,3318750,-0.4023198866391613,-3.08955000236128,-13.454386525583095,12.651213814065224,18.46818149545284,0,0,0,0,0,14,12,2,0
4,2013,6,29,0,41452.0,64.78245648148773,103.72519451768295,468,386,987.7599022778493,1001.9498130116617,14.18991073381243,15.051420463790055,5.963355102343849,1066.191437329086,3571250,0.10153077276903787,0.7775267387402764,-13.639626004288015,12.428705734774699,18.452970594960348,0,0,0,0,0,13,12,2,0
4,2013,6,29,3,41452.125,64.98482525570178,101.71555953450783,468,382,987.9887273344694,1003.0379688479549,15.049241513485468,14.859985500897826,4.741357991048862,1272.478920171635,5086875,0.22882505662011682,1.7494524389706847,-31.49614920743536,7.5007936679603855,32.37698751499814,0,0,0,0,0,12,11,2,0
4,2013,6,29,6,41452.25,62.26323188210326,92.57073711069053,482,365,984.9879983104174,1000.9879983104174,16.0,17.589880741692063,5.608070531761914,990.5504652270549,3082500,-0.049970537537446943,-0.39115121395390184,-5.606807894793614,51.817434916748624,52.11988925660337,0,0,0,0,2,14,14,1,1
4,2013,6,29,9,41452.375,62.74183777941986,91.66372500429159,480,363,985.4745012491059,999.4745012491059,14.0,18.05443489108792,9.52324175973532,867.1834327921662,2362500,0.4865029386883543,3.7916463343242657,-15.397110449485222,17.739515881257468,23.489602676397762,0,0,0,0,0,14,14,1,1
4,2013,6,29,12,41452.5,63.586706292557196,94.66187309523883,476,369,986.8188649912336,1000.8188649912336,14.0,17.189610087118073,2.6766125544461103,917.2419625810475,2643125,1.3443637421277526,10.399660642561768,49.42922512898844,31.31503078086768,58.51392526278606,0,0,0,0,0,12,12,1,1
4,2013,6,29,15,41452.625,63.604449246509155,94.1729844760795,476,368,987.2397163859123,1001.2397163859123,14.0,17.442859625912746,6.311365000576625,882.4202848286626,2446250,0.42085139467875704,3.2551002891408443,-8.055796084681905,0.6576421543820042,8.082595113031243,0,0,0,0,0,9,9,1,1
4,2013,6,29,18,41452.75,64.00362168664412,95.73536433332465,474,371,987.2941603297754,1001.2941603297754,14.0,17.454011650918776,5.903685099432332,860.7358828890387,2327500,0.05444394386315252,0.41965907703171756,25.38195973189603,14.7953167331122,29.379334183481784,0,0,0,0,0,10,10,1,1
4,2013,6,29,21,41452.875,64.23255860412195,95.78555486469747,473,371,987.9986138876909,1001.9986138876909,14.0,16.755826563021145,7.648506138614468,925.2322141795172,2689375,0.7044535579154035,5.419478079592124,0.8087132163340068,8.485541248392929,8.523991280172167,0,0,0,0,0,9,9,1,1
4,2013,6,30,0,41453.0,64.46136333293435,95.83662852486951,472,371,988.8658459528078,1000.8658459528078,12.0,16.18866249667148,6.504856306430884,792.2545719771281,1971875,0.8672320651169866,6.658976863842754,0.8161284214444642,8.4806416787411,8.519820941985229,0,0,0,1,0,10,10,1,2
4,2013,6,30,3,41453.125,64.50409443536742,94.82685878112298,472,369,989.5332063696388,999.5332063696388,10.0,15.447580612576653,7.979607456567901,751.5325038196044,1774375,0.6673604168309248,5.122453352353517,-16.110193985186083,1.583827266828634,16.187861472457556,0,0,0,0,0,9,9,1,2
4,2013,6,30,6,41453.25,64.75161486240074,94.35940784434482,471,368,991.1683269528075,999.1683269528075,8.0,13.741509414850274,7.24337477825793,732.0889774214317,1683750,1.6351205831687547,12.524996052480619,-7.39029609092245,9.174338575666606,11.780703061043004,0,0,0,0,0,8,8,1,2
4,2013,6,30,9,41453.375,64.53873504188051,93.81407483429035,472,367,993.073828136425,998.9124144475873,5.838586311162216,12.001876638131359,8.086504136018629,675.8510832082313,1435000,1.9055011836174527,14.621828026524556,-8.689452713002334,-7.890385342284184,11.73732377082769,0,0,1,1,0,9,12,2,0
4,2013,6,30,12,41453.5,64.75161486240074,94.35940784434482,471,368,993.8376622812996,999.2028604971595,5.365198215859855,11.195621688433684,8.26500594726669,657.196109860391,1356875,0.7638341448745632,5.850956649792498,8.621587410894112,7.890385342284184,11.687170330470115,0,0,0,0,0,9,12,2,0
4,2013,6,30,15,41453.625,64.52242813216967,94.32080495498448,472,368,995.2335486713243,1001.1622238196599,5.9286751483354605,9.76576321946196,8.367736772636636,959.6407085287073,2893125,1.3958863900248253,10.712760529712593,-0.6154762184359656,-8.494800551983248,8.517068004509248,0,0,0,0,0,10,12,2,0
4,2013,6,30,18,41453.75,64.52242813216967,94.32080495498448,472,368,996.0455092906701,1001.8948376784872,5.849328387817077,9.02819468348297,7.219991337585961,1007.1811249879378,3186875,0.811960619345773,6.231409473412584,0.0,0.0,0.0,0,0,0,0,0,12,14,2,0
4,2013,6,30,21,41453.875,64.52242813216967,94.32080495498448,472,368,996.9980221221948,1002.6393057276758,5.641283605481004,8.127175286865212,6.745674576032688,1159.1659100634931,4221250,0.9525128315246547,7.310080489731424,0.0,0.0,0.0,0,0,0,1,0,8,10,2,0
4,2013,7,1,0,41454.0,64.12388093145904,88.24914581345716,474,356,,,,8.223053537487148,,0.0,0,1.923634398492286,,-98.17885765245441,-14.772142249137447,99.28395780069233,0,1,1,0,0,9,9,0,0
5,2013,6,28,12,41451.5,43.64044726164569,99.29841973047304,558,392,988.466923369419,988.466923369419,0.0,8.748235921305742,13.12608000756081,14.104739588693906,625,,,,,,3,0,0,0,0,21,21,1,1
5,2013,6,28,15,41451.625,42.307927243343286,99.89550926261806,563,395,989.3388613228688,989.3388613228688,0.0,9.627578904207896,4.548933713492297,14.104739588693906,625,0.8719379534498148,8.974639969562716,16.366761850409592,-49.389821895847476,52.03100422220926,0,0,0,0,0,18,18,1,1
5,2013,6,28,18,41451.75,42.26506351554795,100.16851672936785,563,396,989.1279665862493,993.1279665862493,4.0,10.640285086140127,6.138380491359494,316.6506184233564,315000,-0.2108947366195207,-2.1724731894944758,7.48848618681139,-1.5887430226382833,7.655163601259403,0,0,3,0,0,19,19,1,1
5,2013,6,28,21,41451.875,42.082024931111775,101.2557776890948,563,400,989.6085131203214,995.6085131203214,6.0,11.254402241088219,4.622794413592346,378.469878303024,450000,0.4805465340722003,4.967703369955789,29.909380734793988,-6.784320656501245,30.669171210013083,0,0,0,0,0,15,15,1,1
5,2013,6,29,0,41452.0,41.20844344730852,101.89564959292007,566,403,992.3575573454962,1002.3575573454962,10.0,10.235559320200723,8.535707547493876,787.84787748549,1950000,2.74904422517473,28.91002951590315,17.84255875842186,-32.37927633651604,36.96991261991573,0,0,0,0,0,15,15,1,1
5,2013,6,29,3,41452.125,41.66205113784097,104.53445508054013,562,412,992.1272017886305,1002.1272017886305,10.0,10.55714354288584,11.527728866711914,696.8654964260647,1525625,-0.23035555686568843,-2.400879246987289,73.06685979051211,16.812957958054536,74.9762732799228,0,0,0,0,0,14,14,1,1
5,2013,6,29,6,41452.25,41.72339906033413,104.26901668325247,562,411,989.7234785978317,999.7234785978317,10.0,11.955337975160786,19.01197577148414,599.077955421683,1127500,-2.4037231907987735,-25.02269195415148,-7.343099268152283,2.2738592471410155,7.687102362902897,0,0,0,0,0,16,16,1,1
5,2013,6,29,9,41452.375,42.52267920055201,106.23235066115622,557,417,988.5464250506084,996.5464250506084,8.0,12.973419220165937,30.311440711848768,420.78483122581025,556250,-1.1770535472233314,-12.065517832658285,53.63169131992023,29.625298853326846,61.27003056947284,0,0,0,0,0,16,16,1,1
5,2013,6,29,12,41452.5,44.028619693715825,109.16132232428998,548,425,991.3862156070163,997.3862156070163,6.0,11.488916678038096,22.263639232846764,413.63216004535656,537500,2.83979055640797,28.30812646342614,78.05137115780536,55.817647556140166,95.95637716334944,0,0,0,0,0,14,14,1,1
5,2013,6,29,15,41452.625,44.18680144002589,108.61712874795897,548,423,994.642108689742,998.642108689742,4.0,8.94190796311683,20.137397729580336,178.4124116152771,100000,3.25589308272567,32.36368863524239,-14.463673442722515,5.863002559152079,15.606814167739051,0,0,0,0,0,13,13,1,1
5,2013,6,29,18,41452.75,44.55506146502719,109.99550552181746,545,427,993.773188220075,999.773188220075,6.0,10.142234962690667,17.6709569650847,583.4317736786292,1069375,-0.868920469667064,-8.58053855959898,36.40474818379035,13.649548822047255,38.87950454121861,0,0,0,0,0,13,13,1,1
5,2013,6,29,21,41452.875,44.755549340784455,111.01658488335993,543,430,996.6214210535429,1000.6214210535429,4.0,7.5957608912225805,4.639097427567613,627.6212903913004,1237500,2.8482328334679186,28.026698196139336,26.875118640237382,7.431078212651005,27.883560126522067,0,0,0,0,0,12,12,1,1
5,2013,6,30,0,41453.0,45.61605211623422,112.38013505195958,538,433,997.2276534762018,1003.2276534762018,6.0,8.238658694866883,10.18575464157504,717.6804195330581,1618125,0.6062324226589407,5.876991115150443,35.35040882773035,31.894514331192074,47.612093513206204,0,0,0,0,0,14,14,1,1
5,2013,6,30,3,41453.125,45.77987053478418,113.4332476842834,536,436,996.3133338947914,1002.3133338947914,6.0,8.416171988418348,6.53810339337826,740.5995696936667,1723125,-0.9143195814103819,-8.838978176669075,27.22249240529755,6.071925677896712,27.891439084320915,0,0,0,0,0,14,14,1,1
5,2013,6,30,6,41453.25,44.972899656334285,115.58293401385382,536,444,995.2831838160747,1001.2831838160747,6.0,8.848379433118152,7.574452522784051,799.6280284430314,2008750,-1.030150078716688,-10.098145658965695,56.365895266707476,-29.910355877843493,63.81021499694765,0,0,0,0,0,13,13,1,1
5,2013,6,30,9,41453.375,44.97912159243156,116.2376502862336,535,446,993.5280373106497,999.5280373106497,6.0,10.08390667220803,12.24364756714087,620.2878968065208,1208750,-1.755146505425073,-17.203123356264015,17.16559542868337,0.23061590930752784,17.167144495193753,0,0,0,0,0,15,15,1,1
5,2013,6,30,12,41453.5,44.87095470000789,116.49971964380359,535,447,995.1378381688124,1001.1378381688124,6.0,8.700485631318147,9.395502739762742,893.510483030121,2508125,1.60980085816278,15.80840755437823,6.883997793313527,-4.0092032228063825,7.966375342657826,0,0,0,0,0,14,14,1,1
5,2013,6,30,15,41453.625,45.40379139191108,117.8204670829651,531,450,996.4906157660438,1000.4906157660438,4.0,8.116223369615561,9.241576978494122,386.2742020231896,468750,1.3527775972313247,13.162027771517556,34.370137051306216,19.74957895656809,39.64028493700934,0,0,0,0,0,14,14,1,1
5,2013,6,30,18,41453.75,44.30479024100069,120.76567338171338,530,461,995.9756997700352,999.9756997700352,4.0,8.608870132712378,6.383952937161739,386.53163237633834,469375,-0.5149159960084944,-5.107472794277282,78.11731006530748,-40.734450785922064,88.09999780175988,0,0,0,0,0,16,16,1,1
5,2013,6,30,21,41453.875,44.88461988787339,121.86597769360368,526,463,996.0757949956876,1000.0757949956876,4.0,8.998193980159645,5.1298427418943175,385.50087952176875,466875,0.10009522565233056,0.9827098499582995,28.89555356876749,21.491371683449835,36.01155471347635,0,0,0,0,0,14,14,1,1
5,2013,7,1,0,41454.0,44.831219610262956,122.51597210159262,525,465,997.4232768628332,1001.3063988626207,3.8831219997875452,8.138283310615591,4.670149093221771,462.6698590340625,672500,1.3474818671455433,13.241636306380876,17.085699146454175,-1.979279983896851,17.19996117954339,0,0,0,1,0,18,16,2,0
5,2013,7,1,3,41454.125,47.6642096325985,123.7331146850575,513,462,996.5933768474564,1000.5933768474564,4.0,8.183248144111529,2.6214480849796384,469.2873879654238,691875,-0.8299000153767702,-7.778184431553545,30.38238094575346,105.00470590612264,109.31183528952477,0,0,1,0,0,14,14,1,1
5,2013,7,1,6,41454.25,48.26326848465101,124.25733393583772,510,462,996.2056234895757,1000.2056234895757,4.0,7.6845445744686804,3.9249711800198566,516.1255525548603,836875,-0.3877533578807197,-3.600097095624176,12.934814001959673,22.204101703250636,25.696917046867505,0,0,0,0,0,15,15,1,1
5,2013,7,1,9,41454.375,48.398217993666094,123.99645914825051,510,461,995.7008209357414,999.7008209357414,4.0,7.5864648171813975,4.882584449095375,575.5355986470404,1040625,-0.5048025538343063,-4.677026202415439,-6.419935212695465,5.001900251883936,8.138462647515423,0,0,0,0,0,12,12,1,1
5,2013,7,1,12,41454.5,48.398217993666094,123.99645914825051,510,461,,,,7.5864648171813975,,0.0,0,0.0,,0.0,0.0,0.0,0,3,0,0,0,12,12,0,0
7,2013,6,27,18,41450.75,39.94499643626064,-78.11816857531805,148,315,1004.81135012893,1004.81135012893,0.0,8.095836835233042,8.22858442890094,14.104739588693906,625,,,,,,3,0,0,0,0,11,11,1,1
7,2013,6,27,21,41450.875,40.13608494002664,-77.80304527319826,149,314,1002.4050227102598,1004.4050227102598,2.0,9.773322567298472,10.299823304674282,147.93175681757992,68750,-2.406327418670262,-25.863154835405698,8.929565952308895,7.0826907196266715,11.397440762141299,0,0,0,0,0,11,11,1,1
7,2013,6,28,0,41451.0,40.52449668870799,-76.06125351031183,152,308,1001.7146717991575,1003.7146717991575,2.0,10.778342782321008,5.71603468448302,163.88226458881186,84375,-0.6903509111022867,-7.360864000534512,49.07267685692363,14.396471967502189,51.1408449188623,0,0,0,0,0,10,10,1,1
7,2013,6,28,3,41451.125,41.837991053168366,-75.1305433193515,158,306,999.4582396234001,1003.4582396234001,4.0,13.31557847334419,13.035200522176165,203.42144725641097,130000,-2.2564321757573635,-23.43687656074069,25.701122086269724,48.68463650140411,55.0521707816067,0,0,0,0,0,8,8,1,1
7,2013,6,28,6,41451.25,42.85218540835369,-75.11373315098244,162,307,996.1685207857488,1004.1685207857488,8.0,15.907974300036841,20.469629766765355,480.8040711568258,726250,-3.2897188376513076,-33.5120257629033,0.45677818103772777,37.59108897605268,37.593864083280685,0,0,0,0,0,7,7,1,1
7,2013,6,28,9,41451.375,43.08930021828456,-75.04136392627913,163,307,994.7804835194817,1010.7804835194817,16.0,16.581233683872657,19.877637977942868,1140.130693255407,4083750,-1.3880372662672016,-14.077115642218748,1.9589028438612826,8.788654632200716,9.004318441491888,0,0,0,0,0,7,7,1,1
7,2013,6,28,12,41451.5,43.298276472834566,-73.80203024051569,165,303,996.5682315877601,1010.5682315877601,14.0,15.355893721312388,16.431517249920507,1083.4974153091428,3688125,1.7877480682784517,18.06058015486382,33.43151791172892,7.745699765047189,34.31708400683985,0,0,0,0,0,9,9,1,2
7,2013,6,28,15,41451.625,44.00290859196269,-73.56187648412696,168,303,996.0118085509242,1010.0118085509242,14.0,15.414324454373324,13.573847024864879,1069.5448347184881,3593750,-0.5564230368359131,-5.549215858868859,6.402738242046962,26.117172265950543,26.89055120605576,0,0,0,0,0,9,9,1,1
7,2013,6,28,18,41451.75,44.93806911135015,-73.2306949308921,172,303,996.3719596206123,1012.3719596206123,16.0,14.164063582119486,8.574482085740748,1310.8304826925084,5398125,0.3601510696881451,3.5325658101107478,8.689273719584161,34.66170178472571,35.73425595121736,0,0,0,0,0,9,9,1,2
7,2013,6,28,21,41451.875,45.70672378594786,-73.25802961470689,175,304,996.4783719598892,1010.4783719598892,14.0,12.893421060820017,9.552197848611613,1280.194526815668,5148750,0.10641233927686698,1.029997740477424,-0.7075209009459495,28.490166718962854,28.498950603479667,0,0,0,0,0,7,7,1,1
7,2013,6,29,0,41452.0,46.17117659840147,-73.08498056398314,177,304,997.8324024002574,1005.8324024002574,8.0,11.658268430103991,10.284844294914,914.4180019384161,2626875,1.354030440368224,13.003663352248369,4.441774485454794,17.214932136879582,17.778730243102476,0,0,0,1,0,7,7,1,4
7,2013,6,29,3,41452.125,46.50896434266751,-74.53257738850664,177,309,998.2173980295765,1010.2173980295765,12.0,11.288361024901816,3.999286541241672,1293.9513133525306,5260000,0.3849956293191644,3.676628422556736,-36.92715501312484,12.520094481697846,38.99189073633121,0,0,0,0,0,6,6,1,2
7,2013,6,29,6,41452.25,46.869425938994866,-75.03911473967774,178,311,997.7270832652002,1005.7270832652002,8.0,10.869629799621718,5.934252983583574,919.9491344042634,2658750,-0.4903147643763805,-4.654715903561056,-12.835615803248501,13.360500253933642,18.5271692409813,0,0,0,1,0,9,9,1,3
7,2013,6,29,9,41452.375,47.16495966190331,-75.25643716352927,179,312,997.9144446760694,1005.9144446760694,8.0,10.63674781491339,6.039971075423091,955.0689857782133,2865625,0.18736141086919816,1.7701524512462696,-5.476545626033734,10.953950213265836,12.246696585967003,0,0,0,0,0,9,9,1,3
7,2013,6,29,12,41452.5,47.28544409656491,-75.85177795247168,179,314,999.0476788389989,1007.0476788389989,8.0,9.867472605414786,4.829113366598612,997.6548628463355,3126875,1.1332341629294387,10.685755723542147,-14.968552180118554,4.465752624669406,15.620515384380683,0,0,0,0,0,7,7,1,2
7,2013,6,29,15,41452.625,47.28544409656491,-75.85177795247168,179,314,1000.0457783012419,1006.0457783012419,6.0,8.62197221430007,3.3014269405540837,930.3783890122588,2719375,0.9980994622429716,9.411512104221007,0.0,0.0,0.0,0,0,0,1,0,7,7,1,2
7,2013,6,29,18,41452.75,44.722087140226925,-78.11884238964102,167,319,1000.3069496061735,1005.0963768346601,4.789427228486602,8.056652204804358,6.880963916174659,856.913717179409,2306875,0.2611713049316313,2.5714487285596515,-59.70282940189682,-95.01076290794056,112.21173248346578,0,0,0,0,0,8,7,2,0
7,2013,6,29,21,41452.875,44.71960921828957,-70.5518873797565,174,294,1000.2040785584478,1004.2040785584478,4.0,10.432157586577766,7.423360363819229,684.4796298844597,1471875,1.1077017237877589,10.906721112417998,72.76025856035155,0.5509832424599689,72.76234471416299,0,0,0,0,2,6,6,1,1
7,2013,6,30,0,41453.0,47.326963800459396,-68.05556589930816,187,290,1002.0740924159795,1004.0740924159795,2.0,8.989674347693816,4.7065498275373105,531.6944307278186,888125,1.8700138575317395,17.621385886244642,62.71277648566878,96.64153383357603,115.20624287011391,0,0,0,0,0,6,6,1,1
7,2013,6,30,3,41453.125,49.497660779699615,-65.10047565683416,199,285,1001.8412559435836,1003.8412559435836,2.0,9.571208121336863,4.229016375112187,219.87113035631398,151875,-0.23283647239586572,-2.1214913164944362,71.13311162778636,80.45683045806052,107.39283559534226,0,0,0,0,0,5,5,1,1
7,2013,6,30,6,41453.25,50.26178667505296,-62.77132082290876,205,280,,,,10.659328273480368,,0.0,0,-0.9860436765542545,,55.18690925329583,28.32230762700749,62.030218944078825,0,2,2,0,0,5,6,0,0
9,2013,6,29,21,41452.875,15.20525618076854,119.91694017767011,628,514,1001.6348819796322,1005.6348819796322,4.0,7.5011351559648025,11.13920647846302,264.6283714200614,220000,,,,,,3,0,0,0,0,15,15,1,1
9,2013,6,30,0,41453.0,14.958587508397935,119.82495121019836,629,514,1001.9671220543931,1005.9671220543931,4.0,8.183133391634144,24.11688218913085,215.76102719068473,146250,0.3322400747609208,8.917633012910668,-3.2940275347947705,-9.14276830992002,9.71806718277168,0,0,0,0,0,17,17,1,1
9,2013,6,30,3,41453.125,15.379652587867483,119.3426106184201,629,511,1000.5226491221077,1006.5226491221077,6.0,9.451082781804923,27.320513237396298,303.49781434869413,289375,-1.4444729322854255,-37.7341034730525,-17.237723294578718,15.606766874733912,23.253177775580557,0,0,0,0,0,18,18,1,1
9,2013,6,30,6,41453.25,15.92948141661324,118.69232135524813,629,507,999.0570222694814,1005.0570222694814,6.0,9.226841427347717,22.6567072771478,268.3609728501569,226250,-1.4656268526263012,-36.99767194849058,-23.17739800510732,20.37939209314939,30.86278341908702,0,0,0,0,0,19,19,1,1
9,2013,6,30,9,41453.375,16.729273116835095,117.70155606368122,629,501,997.4963241420136,1003.4963241420136,6.0,9.503417630607395,23.72331618951801,209.20709679710012,137500,-1.5606981274677674,-37.5641466336813,-35.168387428062644,29.64425981236527,45.99562603241018,0,0,0,0,0,19,19,1,1
9,2013,6,30,12,41453.5,16.995665544089995,116.94504709085238,630,497,997.5951648798597,1003.5951648798597,6.0,10.210850430581884,23.840029107535884,178.96908195899073,100625,0.0988407378460397,2.342765039719372,-26.81537599474351,9.873828802424859,28.575459488152788,0,0,0,0,0,18,18,1,1
9,2013,6,30,15,41453.625,17.498009923657868,116.26774438915668,630,493,998.4481537005261,1004.4481537005261,6.0,9.904325861982837,18.540788815115448,208.7310845835051,136875,0.85298882066636,19.654861992722218,-23.94255836244991,18.619382145452022,30.33030650055646,0,0,0,0,0,15,15,1,1
9,2013,6,30,18,41453.75,17.854733652363823,115.32803001079945,631,488,996.5295182039696,1002.5295182039696,6.0,10.324377489889812,16.790131564228794,213.90896694369758,143750,-1.9186354965563805,-43.354507845736606,-33.15291227803977,13.221956281944015,35.69223613668719,0,0,0,0,0,18,18,1,1
9,2013,6,30,21,41453.875,18.325862417594546,114.634463735911,631,484,995.8307372278755,1001.8307372278755,6.0,10.599007639839432,15.39929978908811,207.77578856468483,135625,-0.6987809760941309,-15.397498664262171,-24.403236208333993,17.462376163324016,30.007541030700434,0,0,0,0,0,17,17,1,1
9,2013,7,1,0,41454.0,18.67022187838392,114.10917523759153,631,481,995.4704582331932,1003.4704582331932,8.0,11.633435490844088,18.806573554486604,295.86351363515985,275000,-0.3602789946823032,-7.797329032880644,-18.4452348915749,12.763674993944765,22.430739835244466,0,0,0,0,0,20,20,1,1
9,2013,7,1,3,41454.125,19.11732186173072,113.40203672301713,631,477,994.77413407416,1002.77413407416,8.0,12.267938495214382,20.422520260211822,226.11617692741794,160625,-0.6963241590332473,-14.730451249327034,-24.764567950270994,16.571749950343506,29.797763711062267,0,0,0,0,0,16,16,1,1
9,2013,7,1,6,41454.25,19.443568026748217,112.8666668054761,631,474,992.6105064815446,1000.6105064815446,8.0,12.556398133499773,25.096600983676982,184.44340347622256,106875,-2.163627592615376,-45.031632101004334,-18.71178829276353,12.092306129063166,22.279023511639394,0,0,0,0,0,18,18,1,1
9,2013,7,1,9,41454.375,20.016992545683483,112.40143855702475,630,471,991.3862971628869,999.3862971628869,8.0,12.69919246501317,23.625180306066614,178.4124116152771,100000,-1.2242093186576677,-24.778265361201075,-16.201997848808002,21.253965773066028,26.725190277628357,0,0,0,0,0,15,15,1,1
9,2013,7,1,12,41454.5,20.42998917006885,111.67347653896347,630,467,992.8016369691027,1000.8016369691027,8.0,12.613576520329936,25.02728156651851,330.7854642750767,343750,1.4153398062157794,28.091701375184943,-25.28469673805632,15.307709784327137,29.557433379382935,0,0,0,0,0,13,13,1,1
9,2013,7,1,15,41454.625,20.73051457069664,111.12262477243912,630,464,994.159792602726,1004.159792602726,10.0,12.394837091339413,26.50012272365733,413.8725739918657,538125,1.3581556336233915,26.582757602031716,-19.095392645516995,11.138966625877947,22.106799808630992,0,0,0,0,0,17,17,1,1
9,2013,7,1,18,41454.75,21.18240084072534,110.82350886004416,629,462,992.7113761781035,1002.7113761781035,10.0,12.872881124525266,29.12177724248977,365.0921319878893,418750,-1.4484164246225555,-27.77155578798395,-10.337646111497184,16.74915354917488,19.682506744324776,0,0,0,0,0,14,14,1,1
9,2013,7,1,21,41454.875,21.886132705104046,110.59124639036217,627,460,993.4131600295312,1003.4131600295312,10.0,11.489094991635298,27.41087455312779,458.1327113429437,659375,0.7017838514277537,13.043404093419895,-7.988335461894651,26.083804345676114,27.279632559755562,0,0,0,0,0,16,16,1,1
9,2013,7,2,0,41455.0,22.169526320849297,110.0260890941166,627,457,996.1932678982713,1004.1932678982713,8.0,9.721486892165357,20.243860470320143,443.57107479789033,618125,2.780107868740015,51.043432840727284,-19.398908065670973,10.50397743810985,22.06017171648206,0,0,0,0,0,13,13,1,1
9,2013,7,2,3,41455.125,22.955854647585586,109.59228189105153,625,454,998.4780490858592,1004.4780490858592,6.0,7.74701371834185,16.111613249257278,390.37271678549695,478750,2.2847811875879414,40.586011346293624,-14.80567751504647,29.145240203326733,32.69026021904943,0,0,0,0,0,14,14,1,1
9,2013,7,2,6,41455.25,22.955854647585586,109.59228189105153,625,454,,,,7.74701371834185,,0.0,0,0.0,,0.0,0.0,0.0,0,3,0,0,0,14,14,0,0
21,2013,7,1,0,41454.0,83.4994975222783,-10.92280471986926,354,331,998.0247285235288,998.0247285235288,0.0,7.519462592472086,2.14479921472579,14.104739588693906,625,,,,,,3,0,0,0,0,7,7,1,1
21,2013,7,1,3,41454.125,84.01416402496565,-7.523820438638627,356,333,997.5913861312166,997.5913861312166,0.0,8.28486484114924,2.473928020410822,14.104739588693906,625,-0.4333423923121882,-3.0187432398711986,13.13595809857875,19.076101337577168,23.16141268163775,0,0,0,0,0,7,7,1,1
21,2013,7,1,6,41454.25,84.48549150215422,-5.826342029555774,357,335,997.970883688033,997.970883688033,0.0,8.176167205137157,2.7066888787053176,14.104739588693906,625,0.3794975568164955,2.6414611551850027,6.045966090460834,17.46974141718263,18.486361760774574,0,0,0,0,0,7,7,1,1
21,2013,7,1,9,41454.375,86.73672889440275,22.16634582208246,365,346,998.4261834952968,1000.4261834952968,2.0,9.151178603876176,2.124636067040119,303.49781434869413,289375,0.45529980726365465,3.15953273878224,58.47763220892674,83.44205889685423,101.89313353562446,0,0,0,0,0,5,5,1,1
21,2013,7,1,12,41454.5,86.94293028952714,23.74949449286676,365,347,997.1314082710855,1001.1314082710855,4.0,10.680261775103208,3.084803896871963,358.21595842150947,403125,-1.2947752242111892,-8.983249864593093,3.1293077088067562,7.642849668288072,8.258675304699203,0,0,0,0,0,5,5,1,1
21,2013,7,1,15,41454.625,87.23566486834333,31.7594800848128,366,349,996.5884134590431,1002.5884134590431,6.0,11.507256569113267,3.751993358250547,465.67006556435143,681250,-0.5429948120424524,-3.7663611319651227,14.30678701219926,10.850200005931017,17.95580671485241,0,0,0,0,0,7,7,1,1
21,2013,7,1,18,41454.75,87.23566486834333,31.7594800848128,366,349,995.7576088087189,1003.7576088087189,8.0,12.218622848330629,4.00588779735379,564.8943803041859,1002500,-0.8308046503241349,-5.762689207778392,0.0,0.0,0.0,0,0,0,0,0,6,6,1,1
21,2013,7,1,21,41454.875,87.46253436609149,41.42366562500265,367,351,995.7108057323177,1003.7108057323177,8.0,12.964401776798978,4.27402101757245,513.6139777837209,828750,-0.04680307640126557,-0.32457948004978926,15.83983300142029,8.40891238666461,17.933491490490212,0,0,0,0,0,8,8,1,1
21,2013,7,2,0,41455.0,87.30916352419331,45.0,368,351,995.43443951034,1003.43443951034,8.0,13.410128539971158,4.378977999804556,490.83683144743384,756875,-0.27636622197765975,-1.9168348614496546,6.2220930278130195,-5.684686504761565,8.42793582700875,0,0,0,0,0,7,7,1,1
21,2013,7,2,3,41455.125,87.29060208577239,51.709836807756936,369,352,995.4606657491476,1005.4606657491476,10.0,13.483254624022898,3.391448047457743,644.3566231451198,1304375,0.02622623880757601,0.18190405661911857,11.749417055335877,-0.6879792612101798,11.769541902898043,0,0,0,0,0,7,7,1,1
21,2013,7,2,6,41455.25,86.84608660932368,62.52556837372287,372,353,996.0734502193353,1006.0734502193353,10.0,13.279770078856515,3.0450867469063088,677.7617239848994,1443125,0.612784470187762,4.251935574310293,22.023398378725382,-16.475955265362195,27.504311990200012,0,0,0,0,0,7,7,1,1
21,2013,7,2,9,41455.375,86.44273412898558,77.27564431457763,375,356,996.8918454182831,1006.8918454182831,10.0,13.212706608455141,2.176786430715656,702.6935398469274,1551250,0.8183951989476919,5.6809538501379215,33.828074743990406,-14.950249821031601,36.98443741083886,0,0,0,0,0,8,8,1,1
21,2013,7,2,12,41455.5,85.84464886862115,85.36453657309735,378,358,997.3585367577325,1007.3585367577325,10.0,13.3387338198556,2.3613927520458673,694.8642375349573,1516875,0.46669133944946223,3.2418544811286716,21.706921904201874,-22.16801555113815,31.025978985853484,0,0,0,0,0,8,8,1,1
21,2013,7,2,15,41455.625,85.17450547495939,93.99091309842979,381,361,997.9135300026502,1007.9135300026502,10.0,13.002393570521459,2.0904456974462664,736.424109182768,1703750,0.5549932449177141,3.8587833455092677,26.87140740120156,-24.838848499852105,36.59290819981319,0,0,0,0,0,9,9,1,1
21,2013,7,2,18,41455.75,84.4582587048865,98.13010235415598,384,363,998.4695516641596,1006.4695516641596,8.0,12.5601312235615,1.844381144945437,618.5213775263903,1201875,0.5560216615092941,3.870320530049307,14.812613768868383,-26.547669019218244,30.40053053845655,0,0,0,0,0,8,8,1,1
21,2013,7,2,21,41455.875,83.71949466541682,101.30993247402021,387,365,999.846589047696,1005.846589047696,6.0,11.728974068225662,1.6567692823700058,555.3041529113096,968750,1.377037383536517,9.59799979197012,12.891826702955694,-27.38227105882352,30.265293061160428,0,0,0,0,0,8,8,1,1
21,2013,7,3,0,41456.0,82.57598919428416,101.30993247402021,392,366,1000.9811689972918,1004.9811689972918,4.0,10.352207519562754,1.615561680980245,492.8592414615001,763125,1.134579949595791,7.927052147383596,0.0,-42.384002326748806,42.384002326748806,0,0,0,0,0,8,8,1,1
21,2013,7,3,3,41456.125,82.57598919428416,101.30993247402021,392,366,,,,10.352207519562754,,0.0,0,0.0,,0.0,0.0,0.0,0,3,0,0,0,8,8,0,0
25,2013,6,30,21,41453.875,55.918790897280836,-50.41470207095567,244,264,997.3095461227908,1001.3095461227908,4.0,14.419201237532718,7.164645530592098,226.11617692741794,160625,-0.6197969070530962,-5.184556857019892,25.931569838229052,21.61903772128813,33.76135521968023,2,0,0,2,0,2,2,1,1
25,2013,7,1,0,41454.0,56.17504807415652,-48.5423611921937,248,261,997.1540270119117,1003.1540270119117,6.0,14.737580699403944,7.735241656826982,328.97623212397707,340000,-0.1555191108791041,-1.296994543441422,38.62987715948484,9.498165994944424,39.78042944243322,0,0,0,0,0,4,4,1,1
25,2013,7,1,3,41454.125,56.209764845586534,-47.45403167452708,250,259,996.9176830929499,1000.9176830929499,4.0,14.320842281330414,7.777467850517496,257.77352218733853,208750,-0.23634391896179296,-1.9702557504427145,22.43441085396124,1.2867762841657153,22.471283531872967,0,0,0,0,0,4,4,1,1
25,2013,7,1,6,41454.25,56.23819267952352,-45.818455461688615,253,256,997.4412684605195,999.4412684605195,2.0,13.394459232531092,5.8723796906550705,230.4733439183804,166875,0.5235853675696126,4.363365082852189,33.68970387058796,1.0536769697619883,33.70617720900008,0,0,0,1,0,4,4,1,2
25,2013,7,1,9,41454.375,57.02190313735268,-38.56734607586169,269,246,997.4902852392675,999.4902852392675,2.0,13.046947100831046,4.125718985730418,233.47498368984665,171250,0.033149114363768606,0.27377473984351147,45.75475484955289,7.6900899124858295,46.396498512331725,0,0,0,0,2,1,1,1,1
25,2013,7,1,12,41454.5,57.202973238345805,-34.845733419799735,277,241,995.9657217131437,999.9657217131437,4.0,14.506955022284332,4.500836039679125,386.2742020231896,468750,-1.5245635261236747,-12.565491766250938,74.70873436119616,6.711358865817677,75.00958157247354,0,0,0,0,0,1,1,1,1
25,2013,7,1,15,41454.625,57.47950851357834,-30.414831727257017,287,236,995.5945675966719,999.5945675966719,4.0,13.499089631609841,4.816168407846926,385.7588259404082,467500,-0.3711541164717346,-3.0496127811103486,88.27528098558268,10.249773214704815,88.86834691855394,0,0,0,0,0,2,2,1,1
25,2013,7,1,18,41454.75,57.45013018327501,-26.296898160634527,296,231,994.92848015363,998.92848015363,4.0,13.273493861245496,4.460024314360125,352.0538480585229,389375,-0.6660874430420517,-5.474742805187123,82.1080869956692,-1.0889070943395796,82.11530715249431,0,0,0,0,0,1,1,1,1
25,2013,7,1,21,41454.875,57.428927055163,-24.510077981889353,300,229,993.7391191112104,997.7391191112104,4.0,14.233279833843875,4.893487879614113,308.69729862159846,299375,-1.189361042419623,-9.777972481698109,35.6527523132231,-0.7858934250164143,35.66141298355295,0,0,0,0,0,2,2,1,1
25,2013,7,2,0,41455.0,57.639870474301816,-21.614778942786245,307,227,991.9762953936955,995.9762953936955,4.0,15.372026051096036,5.184583937898642,272.7726817250237,233750,-1.7628237175148387,-14.458615462420987,57.434391037375285,7.8186126724309615,57.964126647053284,0,0,0,0,0,1,1,1,1
25,2013,7,2,3,41455.125,57.911468126776285,-17.922248597073455,316,225,989.9905763708068,993.9905763708068,4.0,16.00232464235142,6.333974401148225,249.93662229367052,196250,-1.9857190228886612,-16.23820342084541,72.6968545506483,10.066760347911037,73.390546567391,0,0,0,0,0,1,1,1,1
25,2013,7,2,6,41455.25,58.186783808741644,-16.36647440149943,320,225,988.5590242250199,994.5590242250199,6.0,16.619837690330925,7.136103897931462,319.7765640827088,321250,-1.4315521457868454,-11.671477145311677,30.39739450061118,10.204569020078155,32.06454149541711,0,0,0,0,0,1,1,1,1
25,2013,7,2,9,41455.375,58.43739609854171,-14.785491683368127,324,225,988.27663138907,994.27663138907,6.0,16.665588153435205,7.318585466078076,308.3748992661489,298750,-0.28239283595001324,-2.2961468275441814,30.671806249892402,9.288938393514522,32.04752837754336,0,0,0,0,0,1,1,1,1
25,2013,7,2,12,41455.5,58.765865581411205,-12.37084416428444,330,225,988.1880764323505,994.1880764323505,6.0,16.511286036100692,5.127140005959518,319.15382432114615,320000,-0.08855495671945392,-0.7175285634980192,46.40591073483081,12.174713350883051,47.97637122902539,0,0,0,0,0,1,1,1,1
25,2013,7,2,15,41455.625,59.45295315188953,-10.475991666894299,335,227,988.8074459623589,994.8074459623589,6.0,15.174585278993188,6.134233531537247,338.5137501286538,360000,0.6193695300084073,4.982649319940949,35.69424131006421,25.46688399924177,43.84793088997394,0,0,0,0,0,0,0,1,1
25,2013,7,2,18,41455.75,59.80174306258406,-9.285593035275548,338,228,989.1440170653296,995.1440170653296,6.0,14.525779294776987,6.388139227750653,345.78194139918065,375625,0.3365711029707745,2.697974893650723,22.19283617088448,12.927889511346859,25.683697251862135,0,0,0,0,0,1,1,1,1
25,2013,7,2,21,41455.875,60.13657135779482,-8.068626219471518,341,229,990.6146902073218,994.6146902073218,4.0,13.275611234758912,7.398227266366739,236.0174359706574,175000,1.4706731419921562,11.749249404808925,22.459928184005477,12.410402574827854,25.660601436832643,0,0,0,0,0,1,1,1,1
25,2013,7,3,0,41456.0,60.4570234660028,-6.825326464475588,344,230,991.8673780226678,995.8673780226678,4.0,12.196925600083715,5.7288063746025,285.9472888723746,256875,1.2526878153459984,9.975878738624214,22.722034224560712,11.877549555093433,25.639169696692765,0,0,0,0,0,1,1,1,1
25,2013,7,3,3,41456.125,60.76268404532864,-5.556038423125049,347,231,993.4530475339893,995.4530475339893,2.0,10.604405047143064,3.8008617708235395,184.44340347622256,106875,1.5856695113214665,12.589718438464931,22.978293161065366,11.329301898756801,25.61942696683589,0,0,0,0,0,1,1,1,1
25,2013,7,3,6,41456.25,61.05313907011116,-4.261223244498699,350,232,995.1216788814351,995.1216788814351,0.0,9.228080543404468,2.8898781665576827,14.104739588693906,625,1.668631347445771,13.211092506383483,23.227807023459675,10.765708391411676,25.601396373791694,0,0,0,0,0,2,2,1,1
25,2013,7,3,9,41456.375,65.01178466913203,-3.366460663429801,353,249,996.7805423135304,996.7805423135304,0.0,7.918275949608689,2.94222794532463,14.104739588693906,625,1.6588634320953861,12.67984365260991,14.009561858773148,146.72710233164395,147.39440417504156,0,0,0,0,0,2,2,1,1
25,2013,7,3,12,41456.5,65.71185848694914,-2.9288581996931056,354,252,997.16163661167,997.16163661167,0.0,7.787971750774837,4.544673139107836,14.104739588693906,625,0.38109429813950557,2.8966892678300082,6.6715763857743005,25.948218939316575,26.792162988342856,0,0,0,0,0,3,3,1,1
25,2013,7,3,15,41456.625,65.71185848694914,-2.9288581996931056,354,252,,,,7.787971750774837,,0.0,0,0.0,,0.0,0.0,0.0,0,3,0,0,0,3,3,0,0
33,2013,7,1,12,41454.5,37.43295933171455,114.69552629003958,565,454,993.0744322158964,999.0744322158964,6.0,9.279961397132809,10.019245457457219,444.24332232904777,620000,,,,,,3,0,0,0,0,12,12,1,1
33,2013,7,1,15,41454.625,37.66095718971645,114.80178563566623,564,454,992.6582934363671,998.6582934363671,6.0,10.348047696389642,8.111855353483916,524.1576294516606,863125,-0.4161387795292831,-4.718742874708523,3.1178742447222447,8.45073503187947,9.00755584967072,0,0,0,0,0,16,16,1,1
33,2013,7,1,18,41454.75,39.91051844924799,117.69067656747421,551,460,991.0780352379489,999.0780352379489,8.0,11.110431752867576,8.288584504769169,729.0936221960321,1670000,-1.5802581984181598,-17.064390244565995,82.12929881190368,83.37993307868331,117.0360413015609,0,0,0,0,0,13,13,1,1
33,2013,7,1,21,41454.875,40.97579618299382,121.10282368498466,541,469,989.770070439746,999.770070439746,10.0,13.045629331410368,6.278178185037541,814.2968019442352,2083125,-1.3079647982030291,-13.819263451078234,95.47796184667052,39.484493153316365,103.32021292065052,0,0,0,0,0,18,18,1,1
33,2013,7,2,0,41455.0,41.501874060844756,122.74342896060033,536,473,989.0411221713169,999.0411221713169,10.0,14.29785781178905,6.334600026169284,757.4652268231742,1802500,-0.7289482684289397,-7.621434123846954,45.54124310089144,19.499063678986925,49.540067698093424,0,0,0,0,0,14,14,1,1
33,2013,7,2,3,41455.125,42.46414708732032,124.11447294534128,530,475,987.1753585420768,999.1753585420768,12.0,15.483195325562788,5.911486975079824,966.5606633571562,2935000,-1.8657636292402457,-19.146555554951547,37.48781543706436,35.666626196995935,51.744028935903685,0,0,0,0,0,17,17,1,1
33,2013,7,2,6,41455.25,43.19309619905147,125.37360097956945,525,477,985.6954509138039,997.6954509138039,12.0,16.144867915549515,3.7347737593230708,917.4588302900908,2644375,-1.4799076282727766,-14.97985540033987,34.02416613830039,27.01848100218703,43.44700446604125,0,0,0,0,0,13,13,1,1
33,2013,7,2,9,41455.375,44.23716394194166,126.6103815465747,519,478,983.9520583796246,997.9520583796246,14.0,17.49080964618888,6.749838273801215,1061.8911299215558,3542500,-1.7433925341792929,-17.31373125923156,32.84302541972644,38.69834536087513,50.75653901114971,0,0,0,0,0,14,14,1,1
33,2013,7,2,12,41455.5,45.65003701480511,126.78079075110094,514,475,983.6312417760682,997.6312417760682,14.0,17.67417590061467,4.392796525043232,818.5611219798308,2105000,-0.32081660355645,-3.108284340149489,4.415279126566238,52.368105898374246,52.5539076106509,0,0,0,0,0,16,16,1,1
33,2013,7,2,15,41455.625,46.473175916043765,126.41637851988607,512,472,982.0067112795841,1000.0067112795841,18.0,18.719733846786156,6.799579896684009,1010.6319049447421,3208750,-1.624530496484076,-15.523130805678825,-9.302135029814497,30.509623247171728,31.89618828006355,0,0,0,0,0,14,14,1,1
33,2013,7,2,18,41455.75,46.473175916043765,126.41637851988607,512,472,980.6167558348537,1000.6167558348537,20.0,19.404992699942284,6.995716675898729,1138.2970528148146,4070625,-1.3899554447304399,-13.281659057378981,0.0,0.0,0.0,0,0,0,0,0,12,12,1,1
33,2013,7,2,21,41455.875,46.75885408706195,125.92671722950628,512,470,980.2028570666896,1000.2028570666896,20.0,19.750012361957754,6.828129090980292,1096.0027066508915,3773750,-0.41389876816407195,-3.9363979844525483,-12.433517452061565,10.588654423439694,16.33131834022436,0,0,0,0,0,12,12,1,1
33,2013,7,3,0,41456.0,46.667736596645035,126.59662890943919,511,472,979.4051018545933,999.4051018545933,20.0,20.897295822196877,6.489600376877715,981.7749864914522,3028125,-0.7977552120962355,-7.598450851553191,17.039169695285576,-3.377267554315129,17.370643051947386,0,0,0,0,0,13,13,1,1
33,2013,7,3,3,41456.125,46.667736596645035,126.59662890943919,511,472,979.1107648763931,999.1107648763931,20.0,20.054362996941386,8.197390196941852,1057.3852066397396,3512500,-0.2943369782002992,-2.803497901032655,0.0,0.0,0.0,0,0,0,0,0,14,14,1,1
33,2013,7,3,6,41456.25,47.00602246916845,126.53340734755183,510,471,979.333748987495,999.333748987495,20.0,18.987052252756204,9.418391439878178,1328.7682830071292,5546875,0.22298411110197777,2.112148789465932,-1.597950415888699,12.538557593377448,12.639971204638169,0,0,0,0,0,15,15,1,1
33,2013,7,3,9,41456.375,47.00602246916845,126.53340734755183,510,471,979.9500273324974,987.9500273324974,8.0,18.031206419032372,7.419089732433568,360.98214589711955,409375,0.6162783450023562,5.8375081253009045,0.0,0.0,0.0,0,0,0,0,0,14,14,1,1
33,2013,7,3,12,41456.5,47.149432947038356,126.28683271192187,510,470,981.6550430513634,997.6550430513634,16.0,17.13498207322604,6.490186073225923,1112.6663981517916,3889375,1.7050157188659067,16.112690161814708,-6.21551950624189,5.315505855601597,8.178464723492318,0,0,0,0,0,16,16,1,1
33,2013,7,3,15,41456.625,46.81154057651885,126.35208704871309,511,471,982.0425205787595,998.0425205787595,16.0,16.758561086216083,5.187256776060967,1105.4913022122298,3839375,0.3874775273962587,3.6819354593350146,1.655324919226305,-12.523972451224276,12.632893039491634,0,0,0,0,0,13,13,1,1
33,2013,7,3,18,41456.75,46.81154057651885,126.35208704871309,511,471,981.960962428914,993.960962428914,12.0,16.414576318313273,5.46327394935026,675.4093985407259,1433125,-0.0815581498456595,-0.7749916386954621,0.0,0.0,0.0,0,0,0,0,0,15,15,1,1
33,2013,7,3,21,41456.875,46.861704330889005,126.77841962961938,510,472,982.7271833633698,992.7271833633698,10.0,15.835318472483634,5.396163273811544,554.945776524894,967500,0.7662209344559233,7.274900506353005,10.80479290727394,1.8593183291352142,10.963604079778484,0,0,0,0,0,17,17,1,1
33,2013,7,4,0,41457.0,46.861704330889005,126.77841962961938,510,472,983.0603941862927,993.0603941862927,10.0,15.74804532807271,5.3830283716385745,564.1895835477562,1000000,0.333210822922847,3.1636770484808068,0.0,0.0,0.0,0,0,0,0,0,17,17,1,1
33,2013,7,4,3,41457.125,47.05507506255228,126.96176680203561,509,472,983.8590348630934,993.8590348630934,10.0,14.333705080802496,4.372065073403283,724.4400767803538,1648750,0.7986406768007146,7.558848944422472,4.629915460025628,7.167281440833798,8.532645569757653,0,0,0,0,0,13,13,1,1
33,2013,7,4,6,41457.25,47.24784464718434,127.14668669802178,508,472,984.476979315582,990.476979315582,6.0,12.779511759873195,3.779632540715902,431.0607800064717,583750,0.6179444524885912,5.830399558613949,4.652723458374507,7.144999940821479,8.526362632122057,0,0,0,0,0,12,12,1,1
33,2013,7,4,9,41457.375,47.24784464718434,127.14668669802178,508,472,985.1823665815256,991.1823665815256,6.0,11.77135265173467,3.2938613049188286,463.5290424278275,675000,0.7053872659435728,6.655435755506257,0.0,0.0,0.0,0,0,0,0,0,17,17,1,1
33,2013,7,4,12,41457.5,47.24784464718434,127.14668669802178,508,472,986.0682867481278,990.0682867481278,4.0,11.689556113831847,4.019157293044336,325.3275843762874,332500,0.8859201666021544,8.358791032952531,0.0,0.0,0.0,0,0,0,0,0,20,20,1,1
33,2013,7,4,15,41457.625,47.484252604249264,127.76652040250136,506,473,986.5841038540093,1000.5841038540093,14.0,11.32619531291078,4.047081463660143,1417.6491258040223,6313750,0.5158171058815788,4.8483602414343965,15.525704912872861,8.762455148007998,17.827734944811592,0,0,2,0,0,19,19,1,2
33,2013,7,4,18,41457.75,48.09178248733939,128.78218265047875,502,474,986.7819866022996,990.7819866022996,4.0,10.354405156455975,3.6148910276256356,372.10858696078077,435000,0.19788274829028524,1.8421699411613368,25.14472414920916,22.518080261528098,33.753830763402895,0,0,0,2,0,16,16,1,1
33,2013,7,4,21,41457.875,48.52953754113047,130.06904469802703,498,476,987.3463887864905,989.3463887864905,2.0,10.093261078342808,2.7171305998844764,239.78057300779642,180625,0.5644021841908398,5.218614097706157,31.58653328177232,16.225380364861632,35.51016830071279,0,0,0,0,0,22,22,1,1
33,2013,7,5,0,41458.0,49.05151350286224,130.2363583092738,496,475,,,,9.23491920720189,,0.0,0,0.6608863916229165,,4.064323163467979,19.347026258328846,19.769323403130624,0,2,2,0,0,12,9,0,0
35,2013,7,1,15,41454.625,45.73950201245379,62.969139740157026,531,272,996.9568839527544,998.9568839527544,2.0,7.583993817604052,5.461730011792679,508.9446628878818,813750,,,,,,3,0,0,0,0,5,5,1,1
35,2013,7,1,18,41454.75,45.52301230618728,63.7661346113374,533,274,996.6062218858995,1000.6062218858995,4.0,8.589268514270168,5.081353426226488,725.2634603499022,1652500,-0.3506620668550022,-3.4048345234555137,20.696727870235584,-8.02418566920212,22.197794939777577,0,0,0,0,0,5,5,1,1
35,2013,7,1,21,41454.875,45.72437124174067,64.96513419516411,534,278,995.2595605228837,997.2595605228837,2.0,9.237800540344953,4.150116067886265,246.32868702971868,190625,-1.3466613630157371,-13.030834115302843,31.024375078356606,7.463364022695298,31.90946022009487,0,0,0,0,0,6,6,1,1
35,2013,7,2,0,41455.0,46.224575766788575,66.32757511026549,534,283,993.6819043314155,999.6819043314155,6.0,10.263725949363431,6.029128464952518,779.3427048317355,1908125,-1.5776561914682679,-15.137755186346297,34.9363608803935,18.54006848999253,39.5510233897772,0,0,0,0,0,4,4,1,1
35,2013,7,2,3,41455.125,46.44634983712757,66.20625312781652,533,283,993.4242410214425,999.4242410214425,6.0,10.711577893432606,5.405064043369203,742.3435797901722,1731250,-0.2576633099728497,-2.4631863108423424,-3.0984429715556514,8.2200504943368,8.784621732176593,0,0,0,0,0,5,5,1,1
35,2013,7,2,6,41455.25,46.9673281370884,68.56750326279499,534,291,993.056158431812,999.056158431812,6.0,10.776756301074432,4.141049127925726,702.5519676605713,1550625,-0.3680825896305032,-3.4887471806258237,59.72250839008611,19.310047949183932,62.766678741221355,0,0,0,0,0,5,5,1,1
35,2013,7,2,9,41455.375,48.238169731031995,70.2721367628164,531,298,992.4276014183837,998.4276014183837,6.0,11.747657728101336,7.149192991128875,725.2634603499022,1652500,-0.6285570134283626,-5.838121368092145,42.08073629066035,47.10371260513718,63.16286969376438,0,0,0,1,0,6,6,1,2
35,2013,7,2,12,41455.5,48.69049774351739,70.05761541830303,529,298,992.3839665454947,996.9535315817262,4.569565036231652,11.920214146786227,7.7958310720406,670.9765608955346,1414375,-0.043634872889088,-0.4024620780327791,-5.248812871572283,16.765526722530755,17.567951583627377,0,0,0,0,0,6,5,2,0
35,2013,7,2,15,41455.625,46.473175916043765,67.83365417791754,535,288,991.6408045616107,993.3496617637477,1.7088572021370054,10.602851577161355,7.217980097767142,299.2067103010745,281250,-0.7431619838839105,-7.101252152917525,-56.7679170722078,-82.18497931776963,99.88476978087944,0,0,0,0,0,6,5,2,0
35,2013,7,2,18,41455.75,46.829542758745994,68.96248897457819,535,292,991.0745231262708,999.0745231262708,8.0,12.451987836090307,8.755657540335523,747.8172780092389,1756875,-0.5662814353399154,-5.379401119082296,28.625634640716136,13.208728310942664,31.526139347786717,0,0,0,0,0,6,6,1,1
35,2013,7,2,21,41455.875,47.930048960534066,70.08359400619092,532,297,989.2573302169334,999.2573302169334,10.0,15.611223515199297,7.136700449837299,752.9870415650439,1781250,-1.8171929093374637,-16.960013457763488,27.84230863582461,40.79023545990214,49.38661214384696,0,0,0,0,0,5,5,1,1
35,2013,7,3,0,41456.0,48.916165110537555,69.94866800485278,528,298,988.7645180110289,998.7645180110289,10.0,17.635047884618746,5.691525439038014,571.3725378570888,1025625,-0.49281220590433805,-4.52976240731561,-3.286488817109531,36.55037098755066,36.697828656101315,0,0,0,0,0,5,5,1,1
35,2013,7,3,3,41456.125,49.95469853891812,69.07999451023032,523,297,987.7608249871997,1001.7608249871997,14.0,19.358615669484475,4.301851073847647,717.4031622619295,1616875,-1.0036930238292552,-9.083556428792802,-20.71544381936232,38.493216128899874,43.71335380154849,0,0,0,0,0,5,5,1,1
35,2013,7,3,6,41456.25,50.26316198771694,69.27027325930946,522,298,986.9826108530328,1000.9826108530328,14.0,20.32064363621794,8.524058936668807,696.00851865186,1521875,-0.7782141341669194,-7.011319739871958,4.508509882073156,11.433190187237441,12.290016241417007,0,0,0,0,0,6,6,1,1
35,2013,7,3,9,41456.375,50.73585093095955,70.08813912592699,521,301,987.34308242228,997.34308242228,10.0,20.31079781346711,8.297430390122754,475.60378769450125,710625,0.36047156924716545,3.2256561048985697,19.185641064421862,17.520204123185437,25.98165459648239,0,0,0,0,0,5,5,1,2
35,2013,7,3,12,41456.5,50.73585093095955,70.08813912592699,521,301,988.3993351848205,998.3993351848205,10.0,19.180089435581106,12.670178690716202,449.5851173323102,635000,1.0562527625405347,9.451808304661869,0.0,0.0,0.0,0,0,0,0,0,6,6,1,1
35,2013,7,3,15,41456.625,50.973971920175586,71.03454986040418,521,304,989.0873660197202,1001.0873660197202,12.0,18.83447982174318,8.931416847310393,526.996561369576,872500,0.6880308348996914,6.1360058124290076,22.08796567146265,8.825948642802013,23.786037857303835,0,0,0,0,0,5,5,1,2
35,2013,7,3,18,41456.75,51.6531937665031,71.78085346926588,519,307,990.4320207819301,1002.4320207819301,12.0,18.919036560782033,4.928381667269204,565.2464491325708,1003750,1.3446547622098297,11.87861817731231,17.16181078232025,25.175341125923566,30.468435308278995,0,0,1,0,0,8,8,1,1
35,2013,7,3,21,41456.875,52.25211397008031,72.22233530044106,517,309,990.2437479945156,1002.2437479945156,12.0,18.953457446496337,3.7547062220548106,570.8500205663969,1023750,-0.18827278741446207,-1.649642180291031,10.017532715551313,22.198962700903735,24.35456644457577,0,0,0,0,0,8,8,1,1
35,2013,7,4,0,41457.0,53.21276043687445,73.24973549497429,514,313,990.9092141969875,1004.9092141969875,14.0,19.373549766531504,4.838833591851726,655.0736716671819,1348125,0.6654662024718709,5.756883459399185,22.804168420753452,35.60633780217634,42.2828734719482,0,0,0,0,0,5,5,1,1
35,2013,7,4,3,41457.125,52.43479552752878,74.31753657734667,518,315,991.9570232907274,1005.9570232907274,14.0,17.880662813776507,2.57054701371555,742.4775647348224,1731875,1.0478090937399247,9.158320106766311,24.129071105358598,-28.8352503422442,37.59898582019661,0,0,0,0,0,5,5,1,1
35,2013,7,4,6,41457.25,52.75884745131161,73.45202030621549,516,313,993.3387139084948,1005.3387139084948,12.0,16.51410680604216,4.2122399664342085,693.287767191607,1510000,1.3816906177674537,12.024479314825472,-19.413976169962655,12.01097663135339,22.829061092537184,0,0,0,0,0,4,4,1,1
35,2013,7,4,9,41457.375,52.663120820307114,74.22290846459052,517,315,994.1287656079523,1002.1287656079523,8.0,14.972401118087305,4.3269583867082835,508.749178086014,813125,0.7900516994575446,6.884359143291606,17.329420326612645,-3.54810523749183,17.688919119966954,0,0,0,0,0,5,5,1,1
35,2013,7,4,12,41457.5,53.07945337236034,75.14836603200098,516,318,994.5412204888828,1002.5412204888828,8.0,14.443008831495204,4.729042388052985,492.8592414615001,763125,0.41245488093045424,3.574335205705741,20.60534423636736,15.431355861766814,25.743095284593934,0,0,0,0,0,5,5,1,1
35,2013,7,4,15,41457.625,53.198091238773515,75.83461524923177,516,320,995.0230427210097,1003.0230427210097,8.0,13.95073999352333,5.243204113390384,510.700658891139,819375,0.4818222321268695,4.168995576256121,15.237270826248096,4.397309617693294,15.859090582574062,0,0,0,0,0,7,7,1,1
35,2013,7,4,18,41457.75,53.198091238773515,75.83461524923177,516,320,995.6503626708393,1003.6503626708393,8.0,13.740690414755269,4.778094550496389,538.3873513615586,910625,0.6273199498295434,5.427923249186933,0.0,0.0,0.0,0,0,0,0,0,7,7,1,1
35,2013,7,4,21,41457.875,52.96843249286206,75.92096656279729,517,320,995.7148431864442,1003.7148431864442,8.0,12.98733700708495,3.6867967021396186,620.4482400680349,1209375,0.06448051560495514,0.5596041360248725,1.9275826790502786,-8.512295801635318,8.727815007154591,0,0,0,0,0,10,10,1,1
35,2013,7,5,0,41458.0,52.73852441189128,76.0062923665108,518,320,995.7426378733688,1003.7426378733688,8.0,13.087895559532386,4.028048698631901,607.6507779746498,1160000,0.02779468692460796,0.24195488925335643,1.9148061158562508,-8.521537399512418,8.73401866912416,0,0,0,0,0,4,4,1,1
35,2013,7,5,3,41458.125,52.334012504603166,76.51101772418215,520,321,997.1009394708743,1001.1009394708743,4.0,11.689843842206338,2.558791148622477,340.2722749495672,363750,1.3583015975054877,11.888265568687684,11.431411419944602,-14.993223952583897,18.854016323965972,0,0,0,0,0,5,5,1,1
35,2013,7,5,6,41458.25,52.2105037010316,77.26475572111063,521,323,997.853985617,1001.853985617,4.0,10.167266719640406,2.5128564764391195,384.98446819881906,465625,0.7530461461257073,6.601888180777592,17.11883201190783,-4.577850784365977,17.72035911757548,0,0,0,0,0,4,4,1,1
35,2013,7,5,9,41458.375,52.2105037010316,77.26475572111063,521,323,,,,10.167266719640406,,0.0,0,0.0,,0.0,0.0,0.0,0,3,0,0,0,4,4,0,0
43,2013,7,2,3,41455.125,61.060388997186195,119.2722921834997,471,422,996.4674867222509,998.4674867222509,2.0,7.781046752870784,2.05190090039403,263.875515352797,218750,,,,,,3,0,0,0,0,8,8,1,1
43,2013,7,2,6,41455.25,61.70683605126831,121.59249156293683,466,425,995.4308698213329,997.4308698213329,2.0,8.65160808110294,4.893567425744404,243.48555665938588,186250,-1.0366169009180157,-8.156292980858469,40.759507016532325,23.96054425275037,47.280493790978504,0,0,0,0,0,8,8,1,1
43,2013,7,2,9,41455.375,62.623374080451974,123.8869594640517,460,427,995.4563517702286,997.4563517702286,2.0,9.135933876577027,9.824484000723896,218.50968611841583,150000,0.02548194889575825,0.19881026340540903,39.10454708040684,33.971459640675526,51.79986170330768,0,0,0,0,0,9,9,1,1
43,2013,7,2,12,41455.5,62.84540232560045,126.53595433603734,456,431,995.8620080385449,999.8620080385449,4.0,9.26878603034038,5.026208213221907,399.4406469672623,501250,0.40565626831623375,3.1586172022739833,44.80775423994039,8.22947147743515,45.55720624472943,0,0,0,0,0,13,13,1,1
43,2013,7,2,15,41455.625,63.39812791674047,127.40535663140855,453,431,995.3012906888704,999.3012906888704,4.0,10.376093707830563,7.61032773058585,334.3745617149374,351250,-0.5607173496745236,-4.344694861996199,14.429587446290018,20.48676052046165,25.058338941216288,0,0,0,0,0,13,13,1,1
43,2013,7,2,18,41455.75,63.33163476425762,129.1527445587268,451,434,995.7271381157377,999.7271381157377,4.0,10.343167236069322,5.94194065022617,373.1763325901154,437500,0.42584742686740357,3.3015820079912146,29.068143679486404,-2.4645670708985965,29.17243678231599,0,0,0,0,0,11,11,1,1
43,2013,7,2,21,41455.875,63.68739575243323,129.77407259103322,449,434,996.8374247379635,1000.8374247379635,4.0,9.647452451490635,6.403499216750569,415.31213511748194,541875,1.1102866222256853,8.581421550974328,10.20821298379925,13.186272327727592,16.67589248656881,0,0,0,0,0,11,11,1,1
43,2013,7,3,0,41456.0,64.91857858495061,132.8114174395968,441,435,996.4319001910075,998.4319001910075,2.0,10.304633767335481,14.457417917726342,133.06384715231013,55625,-0.40552454695600315,-3.102061310979912,47.71835061664639,45.63376158260292,66.02636732208613,0,0,0,0,0,11,11,1,1
43,2013,7,3,3,41456.125,65.41947998052777,136.1160103914073,435,438,995.3920589802746,997.3920589802746,2.0,10.724376573536748,12.421131212041873,98.73317712085735,30625,-1.0398412107328476,-7.922156134576319,50.94430314440941,18.56589797911971,54.22190139270813,0,0,3,0,0,12,12,1,1
43,2013,7,3,6,41456.25,64.92891888527676,136.45944935499227,436,440,996.7544026914418,996.7544026914418,0.0,8.949008014770781,7.59443189982172,14.104739588693906,625,1.3623437111671957,10.420372530239636,5.394045061187562,-18.182635000370126,18.965862429080484,0,0,0,3,0,13,13,1,1
43,2013,7,3,9,41456.375,66.29364660719891,143.5117051384247,422,444,,,,10.713876694748215,,0.0,0,-1.0289492430943938,,105.03672709330027,50.58359964297706,116.58222244970898,0,3,3,0,0,13,13,0,0
53,2013,7,2,3,41455.125,65.79722277873049,20.46227152342221,397,259,1001.5555869923185,1003.5555869923185,2.0,8.263100218150015,3.1447395421544204,302.84160209044046,288125,,,,,,3,0,0,0,0,2,2,1,1
53,2013,7,2,6,41455.25,65.8764362950062,19.96021568032402,396,259,1000.4886874246149,1002.4886874246149,2.0,9.301712322487884,4.12291539224163,236.438520044912,175625,-1.0668995677035127,-8.099015048302222,-7.605459043455092,2.936047043844746,8.152507559355117,0,0,0,0,0,2,2,1,1
53,2013,7,2,9,41455.375,65.81219050088437,18.772973098859556,394,258,999.357328100913,1003.357328100913,4.0,10.18461930619175,8.223065128063608,284.9017742606504,255000,-1.1313593237019086,-8.59266003820983,-18.02990241630098,-2.38126878819914,18.186473604934722,0,0,0,0,0,2,2,1,1
53,2013,7,2,12,41455.5,65.81219050088437,18.772973098859556,394,258,998.4426619556698,1004.4426619556698,6.0,11.278374957629644,13.742087381413368,349.50167213195084,383750,-0.9146661452432454,-6.946878034131859,0.0,0.0,0.0,0,0,0,0,0,3,3,1,1
53,2013,7,2,15,41455.625,65.8764362950062,19.96021568032402,396,259,998.8690245170749,1004.8690245170749,6.0,11.087744920451428,14.38358646894136,369.9638510165959,430000,0.42636256140511253,3.236590308388141,17.984880477312032,2.38126878819914,18.141840227078696,0,0,0,0,0,2,2,1,2
53,2013,7,2,18,41455.75,66.22617103272897,20.842362667262126,397,261,1000.7312807730168,1004.1249560412911,3.393675268274237,9.463332074812072,10.084806123820307,305.7834676147298,293750,1.862256255941902,14.098427369939948,13.18084703499343,12.962909502045829,18.487069841327617,0,0,0,0,0,3,5,2,0
53,2013,7,2,21,41455.875,71.72109598474208,19.772350532571412,387,283,999.7013283170687,1005.7013283170687,6.0,10.400705566536702,6.992732288772167,381.6107610236958,457500,-0.423627724222315,-3.0909448824363324,-2.10937013877279,18.68648356842543,18.805161805615498,0,0,0,0,2,4,4,1,1
53,2013,7,3,0,41456.0,72.0108341155145,19.340735483032653,386,284,998.9591226053559,1004.9591226053559,6.0,11.368894462805672,7.499141771959622,337.33630743029306,357500,-0.7422057117127406,-5.406446517094605,-4.940704820773884,10.73913673245716,11.821151461868212,0,0,0,0,0,4,4,1,1
53,2013,7,3,3,41456.125,72.29938480458202,18.895145990900705,385,285,998.6308887232169,1006.6308887232169,8.0,11.750486855932719,7.5006786172527065,414.1128483656565,538750,-0.32823388213902943,-2.387079649934803,-5.021495623176608,10.695124234699714,11.815290969300882,0,0,0,0,0,4,4,1,1
53,2013,7,3,6,41456.25,72.51371457110145,19.13364320590548,385,286,998.1910187114648,1006.1910187114648,8.0,12.355881531099033,7.023193129986903,385.50087952176875,466875,-0.43987001175206386,-3.195160722571622,2.6561873814226864,7.944127555290811,8.376424894903545,0,0,0,0,0,5,5,1,1
53,2013,7,3,9,41456.375,73.01598675032922,18.914400221718584,384,288,998.7290734447362,1006.7290734447362,8.0,12.21006935290759,6.465860522738949,378.469878303024,450000,0.5380547332712741,3.897747755220148,-2.3737116911719047,18.61670604161175,18.767425263807223,0,0,0,0,0,4,4,1,1
53,2013,7,3,12,41456.5,73.58874780048438,17.938893862526765,382,290,999.4422501399956,1005.4422501399956,6.0,11.278537462279674,6.068084443199405,318.8419983313807,319375,0.7131766952594626,5.150887946028505,-10.21535193758223,21.229374318954598,23.55928159309944,0,0,0,0,0,5,5,1,1
53,2013,7,3,15,41456.625,74.01866135650818,18.434948822922014,382,292,1000.2270791340421,1006.2270791340421,6.0,10.551127728550737,4.3021181899881045,341.4395932149834,366250,0.7848289940465475,5.656053192557282,5.062170118065318,15.934735441855631,16.719490420050587,0,0,0,0,0,4,4,1,1
53,2013,7,3,18,41456.75,74.51903397913762,18.17212598968549,381,294,1000.973460203338,1006.973460203338,6.0,9.491922983506136,3.352514458146907,389.86275874050864,477500,0.7463810692958941,5.365753689159672,-2.600187739381071,18.546299022742204,18.727684953591996,0,0,0,0,0,5,5,1,1
53,2013,7,3,21,41456.875,74.80357212416986,17.63178957111176,380,295,1001.4359511168882,1005.4359511168882,4.0,8.99829674594929,4.041049569373135,308.69729862159846,299375,0.4624909135501366,3.3203336841806173,-5.249785424085456,10.546399388146636,11.780780409346395,0,0,0,0,0,5,5,1,1
53,2013,7,4,0,41457.0,75.8504200007118,21.88579201667317,383,301,1001.8005945053343,1005.8005945053343,4.0,9.68602618912007,2.8959100201002728,342.02175833204393,367500,0.36464338844612937,2.6053681737640493,38.535866557789184,38.80139094669719,54.686021529803845,0,0,0,0,0,4,4,1,1
53,2013,7,4,3,41457.125,76.05955633939388,22.22962109123779,383,302,1001.9025907892458,1005.9025907892458,4.0,9.258309872919087,3.36952487817507,384.72600259855415,465000,0.10199628391143051,0.7280958313527257,3.070197229892774,7.751633279488617,8.33750139610883,0,0,0,0,0,4,4,1,1
53,2013,7,4,6,41457.25,76.05955633939388,22.22962109123779,383,302,1001.5526090835019,1005.5526090835019,4.0,9.310661922791192,3.2721478071806627,405.12780090178586,515625,-0.34998170574384857,-2.4983284805070753,0.0,0.0,0.0,0,0,0,0,0,3,3,1,1
53,2013,7,4,9,41457.375,76.90560520713944,25.906507999514385,385,307,1002.2534574732163,1004.2534574732163,2.0,9.481398208814289,3.261222077475395,217.59732436277534,148750,0.7008483897143742,4.9852457610262375,30.870872291934866,31.35878059556043,44.00436201679839,0,0,0,0,0,4,4,1,1
53,2013,7,4,12,41457.5,77.60360500034109,28.65182845264875,386,311,1002.3298899224031,1004.3298899224031,2.0,9.86273873858852,3.085664471244454,205.8518972422094,133125,0.07643244918683195,0.5421800421458728,21.842197459100404,25.871345267658022,33.85864875922699,0,0,0,0,0,4,4,1,1
53,2013,7,4,15,41457.625,78.10679626496109,28.739795291688043,385,313,1002.3284837511669,1004.3284837511669,2.0,9.55930488773422,3.0838250973942922,203.42144725641097,130000,-0.0014061712361581157,-0.00995596034485432,0.6719479179060288,18.650771919200864,18.662872425927088,0,0,0,3,0,5,5,1,1
53,2013,7,4,18,41457.75,78.60970891969319,28.835500847743084,384,315,1001.9887373058984,1003.9887373058984,2.0,9.745431035512926,3.3333459805067105,272.0423653362309,232500,-0.3397464452685381,-2.401123375000906,0.700565313466269,18.640445250518685,18.653605305570736,0,0,2,0,0,6,6,1,2
53,2013,7,4,21,41457.875,78.9149649606596,28.379243086107945,383,316,1002.445903720963,1004.445903720963,2.0,9.318918756926054,3.6197995948209423,292.8220032558322,269375,0.4571664150645665,3.227558670350004,-3.2514314154630375,11.314307694356609,11.772228542295514,0,0,0,0,0,9,9,1,2
53,2013,7,5,0,41458.0,78.9149649606596,28.379243086107945,383,316,,,,9.318918756926054,,0.0,0,0.0,,0.0,0.0,0.0,0,3,0,0,0,9,9,0,0
60,2013,6,30,21,41453.875,67.11565487219484,-108.07797039218974,263,391,1005.1033419065337,1005.1033419065337,0.0,8.806520989480555,6.327882530734205,14.104739588693906,625,,,,,,3,0,0,0,0,11,11,1,1
60,2013,7,1,0,41454.0,67.18560096019507,-107.53977511271094,263,390,1003.1885811903455,1005.1885811903455,2.0,9.823387057643135,8.260401126179204,179.5240261806447,101250,-1.9147607161881752,-14.391781843863685,7.734833508725974,2.592550041419491,8.157754907140466,0,0,0,0,0,13,13,1,1
60,2013,7,1,3,41454.125,66.89584775547219,-103.83282735389774,260,384,1001.632001335398,1003.632001335398,2.0,11.110913727779009,9.872009676540328,162.6637921881437,83125,-1.5565798549476313,-11.724704200938323,53.90750997997559,-10.739695448061978,54.966905411877526,0,0,0,0,0,11,11,1,1
60,2013,7,1,6,41454.25,66.64923601883088,-101.41844707819911,258,380,1000.2831997829438,1002.2831997829438,2.0,12.644487264760153,10.465901189233483,172.74707473566775,93750,-1.348801552454097,-10.178429781220276,35.467545064550784,-9.14065798850616,36.626471047164536,0,0,0,0,0,11,11,1,1
60,2013,7,1,9,41454.375,66.7889023807835,-95.29521293661712,257,369,998.6410212330246,1002.6410212330246,4.0,14.475254026636469,9.031684487777092,287.6813695875796,260000,-1.64217854991919,-12.379342886557247,89.41252574412694,5.176730290678185,89.56225933085089,0,0,3,0,0,7,7,1,1
60,2013,7,1,12,41454.5,66.87576004521074,-91.95568139752288,257,363,996.7056012647492,1002.7056012647492,6.0,15.834764651779187,11.098205493393834,476.43964736870475,713125,-1.9354199682753823,-14.580442236376719,48.605697059162885,3.2193772081679604,48.712197406969715,0,0,0,0,0,7,7,1,1
60,2013,7,1,15,41454.625,66.66029193798641,-90.27678905217776,256,360,995.1223296970863,1001.1223296970863,6.0,16.855441459138166,14.54353268739884,373.442791983288,438125,-1.5832715676628868,-11.946810391660788,24.652906313963236,-7.986320125683674,25.91422580118782,0,0,0,0,0,9,9,1,1
60,2013,7,1,18,41454.75,66.18056363800356,-87.55758468934292,254,355,993.8052505809563,999.8052505809563,6.0,17.860846053215305,11.844555337798447,357.38192711893817,401250,-1.317079116130044,-9.974601172515925,40.70030100827817,-17.781117708637126,44.41489219994638,0,0,0,0,0,8,8,1,1
60,2013,7,1,21,41454.875,65.62677382908751,-84.42136374460661,252,349,992.5862367084995,1000.5862367084995,8.0,19.006348867317993,5.1313940575199375,423.6120847380443,563750,-1.2190138724568533,-9.271920954566882,47.966449391104796,-20.52620572630835,52.17379983006942,0,0,0,0,0,7,7,1,1
60,2013,7,2,0,41455.0,65.71612003568153,-81.71931775727825,253,344,990.5295375333684,1004.5295375333684,14.0,20.651887128242564,6.158100803052949,846.7544027809885,2252500,-2.0566991751310706,-15.632399948901764,41.1848311581554,3.311614962730817,41.31775781897113,0,0,0,0,0,6,6,1,1
60,2013,7,2,3,41455.125,65.38158282850348,-80.23544212011159,252,341,988.1844494121274,1004.1844494121274,16.0,22.53819634835964,10.449527007748548,857.9578146972121,2312500,-2.3450881212409875,-17.871748804161637,22.910910378194146,-12.399613404012673,26.05110797886752,0,0,0,0,0,6,6,1,1
60,2013,7,2,6,41455.25,65.78226371145777,-76.80532892499696,255,335,986.4794658316066,1002.4794658316066,16.0,23.239930045815857,5.5965292499253705,759.9562485727157,1814375,-1.704983580520784,-12.952369638356233,52.14582726593269,14.851227129326292,54.219426855098035,0,0,0,0,0,6,6,1,1
60,2013,7,2,9,41455.375,67.22404445396342,-74.7946172041661,262,333,983.8627826513588,1001.8627826513588,18.0,24.14358799322202,5.268984535785858,736.424109182768,1703750,-2.6166831802479282,-19.662047376039375,28.85027364551257,53.43956796681707,60.72994083564563,0,0,0,0,0,7,7,1,1
60,2013,7,2,12,41455.5,67.8221514887151,-73.7747246388218,265,332,981.6123072426465,1001.6123072426465,20.0,25.783687785815566,7.103182317586397,755.8877202997177,1795000,-2.2504754087122274,-16.837442308783725,14.269553926125186,22.168822618269143,26.364310450510104,0,0,0,0,0,7,7,1,1
60,2013,7,2,15,41455.625,67.69023785763612,-72.66323832781802,265,330,980.5805133695034,1000.5805133695034,20.0,26.235588563363535,6.649035608228513,744.8851725965018,1743125,-1.0317938731431786,-7.726872261287459,15.638820365965929,-4.889375510414371,16.38531950621624,0,0,0,0,0,8,8,1,1
60,2013,7,2,18,41455.75,67.83840259768954,-71.9335077024157,266,329,980.5676869842479,1000.5676869842479,20.0,25.74069083709121,7.199068444846125,806.8108311406411,2045000,-0.012826385255466448,-0.09595242075035397,10.202782775487984,5.49172246718331,11.586880167687944,0,0,0,0,0,7,7,1,1
60,2013,7,2,21,41455.875,67.90817829313089,-70.64100582430528,267,327,981.22910502609,1001.1419401735471,19.912835147457226,24.958864284625843,6.532804430774268,841.5696624516205,2225000,0.6614180418421165,4.94552777489695,18.016942800554293,2.5862344453915544,18.201616315178576,0,0,0,1,0,7,6,2,0
60,2013,7,3,0,41456.0,68.1234700951809,-70.44540649654883,268,327,981.5529419244948,1002.5337688672946,20.98082694279976,24.05874172924767,9.502447270322445,911.8035062316269,2611875,0.3238368984048429,2.4177096221889443,2.7013614494283105,7.979785378708497,8.424626304513888,0,0,0,0,0,7,6,2,0
60,2013,7,3,3,41456.125,68.41448198652401,-70.80871518425222,269,328,981.7944303253879,1001.105861900852,19.311431575464084,22.844055955094557,6.482432266942633,885.7956138088763,2465000,0.24148840089314036,1.7992639980244944,-4.9540034272244755,10.786348636863659,11.869602641745105,0,0,0,0,0,7,6,2,0
60,2013,7,3,6,41456.25,68.62979778027959,-72.51989243095018,269,331,982.0545113529428,999.9935048931203,17.93899354017747,21.33377345176594,7.203905725848381,873.1278127572037,2395000,0.26008102755484286,1.9349294140977422,-23.110757062721465,7.980674630689077,24.449913283548764,0,0,0,0,0,8,7,2,0
60,2013,7,3,9,41456.375,68.26023505098836,-73.44292862436335,267,332,983.8429900697179,1000.1184668042854,16.27547673456749,18.42859276705813,6.520978906147793,891.9505433490199,2499375,1.7884787167751346,13.33972197416448,-12.671832503042804,-13.6978335247008,18.660278193413657,0,0,0,0,0,8,6,2,0
60,2013,7,3,12,41456.5,67.8221514887151,-73.7747246388218,265,332,986.2667060043127,998.9570076057265,12.690301601413813,14.636207937905345,4.842839825982082,860.3891149103283,2325625,2.423715934594802,18.1335806041852,-4.642282148331853,-16.23755652372093,16.8881326796586,0,0,0,0,0,8,7,2,0
60,2013,7,3,15,41456.625,66.40285954337968,-59.881529703140544,269,307,983.753450809033,997.753450809033,14.0,16.564713312524958,5.438331263213331,812.5848079754512,2074375,0.7964432033064077,6.021414763028759,4.0437114696760075,7.3543042140949,8.392698786650412,0,0,0,0,2,6,6,1,1
60,2013,7,3,18,41456.75,66.40285954337968,-59.881529703140544,269,307,985.9207225451174,995.9207225451174,10.0,14.172251136154994,6.014905379099,681.1289592381717,1457500,2.167271736084513,16.38540196335085,0.0,0.0,0.0,0,0,0,1,0,7,7,1,2
60,2013,7,3,21,41456.875,65.21589605636515,-62.618160050575014,262,309,989.1498829050602,993.1498829050602,4.0,11.84587785059199,3.3630122754216423,352.0538480585229,389375,3.2291603599427616,24.64195575349087,-42.51746107434447,-43.994772622782826,61.18230556573329,0,0,0,2,0,7,7,1,1
60,2013,7,4,0,41457.0,62.924277671131435,-60.75952216689287,255,301,991.028613440829,995.028613440829,4.0,10.447458485070696,5.99560725665302,367.8066090054814,425000,1.8787305357687,14.618309639287775,31.35557747023064,-84.93877941446215,90.54152907318439,0,0,0,0,0,3,3,1,1
60,2013,7,4,3,41457.125,62.26323188210326,-59.35677595345652,254,297,992.6341842213875,996.6341842213875,4.0,8.57018152837461,3.0804080411257018,426.88688178511666,572500,1.6055707805586281,12.567824779427166,24.197480952294402,-24.501646006560616,34.43615456852664,0,0,0,0,0,3,3,1,1
60,2013,7,4,6,41457.25,62.26323188210326,-59.35677595345652,254,297,,,,8.57018152837461,,0.0,0,0.0,,0.0,0.0,0.0,0,3,0,0,0,3,3,0,0
67,2013,7,3,3,41456.125,65.41947998052777,136.1160103914073,435,438,,,,10.724376573536748,,0.0,0,,,,,,0,0,0,0,0,12,12,0,0
67,2013,7,3,6,41456.25,66.52134500358352,142.41463029097474,423,442,995.1958503422597,997.1958503422597,2.0,11.160367841813862,13.81296860762777,106.48844864724786,35625,,,92.97206778623239,40.84060013696323,101.54683652381847,3,0,0,3,0,14,14,1,1
67,2013,7,3,9,41456.375,66.29364660719891,143.5117051384247,422,444,995.7254534483474,997.7254534483474,2.0,10.713876694748215,12.922072541633026,108.34056051649024,36875,0.5296031060875975,4.007345731004846,16.348342776198162,-8.439635494356295,18.398254232553406,0,0,3,0,0,13,13,1,1
67,2013,7,3,12,41456.5,66.4401001714765,147.90740867126584,415,448,996.2829882856363,1000.2829882856363,4.0,10.696417942828228,8.259439473087696,297.2053051612671,277500,0.5575348372888402,4.2139807089573,65.10959641122481,5.428297778893434,65.3354877659065,0,0,0,0,0,13,13,1,1
67,2013,7,3,15,41456.625,65.18037684437716,150.28743442411675,414,455,995.8212928573051,999.8212928573051,4.0,11.010915676634923,8.757681039141461,237.27844638474429,176875,-0.46169542833114974,-3.524240582242403,37.02744672938944,-46.69161431641664,59.59143108510464,0,0,0,0,0,11,11,1,1
67,2013,7,3,18,41456.75,64.37812661101547,151.28877403005944,414,459,996.7996424594825,1000.7996424594825,4.0,10.171729772135878,11.91025519123832,286.6421800279766,258125,0.9783496021773317,7.517410603542731,16.04931265373052,-29.735385283078255,33.790140197849155,0,0,0,0,0,14,14,1,1
67,2013,7,3,21,41456.875,64.29109823330408,154.2228568281019,409,462,998.4399712092744,1000.4399712092744,2.0,8.936121197810204,6.568476658103828,220.32307560268868,152500,1.6403287497919519,12.61310701048642,47.17220513967534,-3.225704691870906,47.282365724430186,0,0,0,0,0,16,16,1,1
67,2013,7,4,0,41457.0,64.5591323281516,156.73463121878805,404,463,999.359753761208,1001.359753761208,2.0,8.091753674730782,5.621777401315267,357.1034838143996,400625,0.9197825519336038,7.056738644647984,39.99073473225603,9.934677171603575,41.20626984974071,0,0,0,0,0,16,16,1,1
67,2013,7,4,3,41457.125,64.4796685293716,158.99889035437755,400,465,999.6505897672961,1001.6505897672961,2.0,7.7083451125615,5.4298328700237475,451.79222493902637,641250,0.2908360060880659,2.2328218960993826,36.15548000550953,-2.945323758746967,36.275248675545136,0,0,0,0,0,12,12,1,1
67,2013,7,4,6,41457.25,64.4796685293716,158.99889035437755,400,465,,,,7.7083451125615,,0.0,0,0.0,,0.0,0.0,0.0,0,3,0,0,0,12,12,0,0
83,2013,7,4,6,41457.25,58.15516472502468,-53.987637298208476,246,277,993.4834525422733,997.4834525422733,4.0,11.696726148368269,3.1236258059429383,431.7525067632873,585625,,,,,,3,0,0,0,0,2,2,1,1
83,2013,7,4,9,41457.375,57.71538522393641,-50.99409294910848,249,270,991.7467234717035,997.7467234717035,6.0,13.93029080293715,6.924442639170229,416.98534186215187,546250,-1.7367290705698541,-14.232714320456564,59.25940733737587,-16.300416454430472,61.46040135375708,0,0,0,0,0,3,3,1,1
83,2013,7,4,12,41457.5,57.497473483328314,-48.682274062305275,252,265,988.6496128209365,996.6496128209365,8.0,17.02733168284228,12.898655423010641,373.97514120861433,439375,-3.0971106507669903,-25.4425331759664,46.04083094333617,-8.076893337302192,46.74392281286433,0,0,0,0,0,3,3,1,1
83,2013,7,4,15,41457.625,57.37515837725635,-47.25679392645107,254,262,987.4762435255128,995.4762435255128,8.0,17.926923235320682,15.45358223549767,371.0377686630964,432500,-1.1733692954236177,-9.65229187049476,28.48493747126941,-4.533606415730834,28.843461128562293,0,0,0,0,0,3,3,1,1
83,2013,7,4,18,41457.75,56.90435382019007,-44.72186733270364,257,256,987.9311861541196,995.9311861541196,8.0,17.863162829402384,7.898537033935063,459.86642694738646,664375,0.4549426286068046,3.762335505076719,51.30117966783978,-17.450359395636504,54.18787759590568,0,0,0,0,0,3,3,1,1
83,2013,7,4,21,41457.875,57.71538522393641,-39.00590705089153,270,249,986.338594443505,996.338594443505,10.0,20.986852350861813,8.043862984370135,483.07446145339907,733125,-1.5925917106146517,-13.051490431301483,113.12728281974015,30.060859148669525,117.05313909047302,0,0,0,0,0,3,3,1,1
83,2013,7,5,0,41458.0,58.5616859269717,-35.008956579831,280,246,985.0627168113916,997.0627168113916,12.0,22.463897830275393,9.10827233249831,548.0921045645088,943750,-1.2758776321134064,-10.360427449323886,77.25908163920259,31.36811486441581,83.38419709921152,0,0,0,0,0,1,1,1,1
83,2013,7,5,3,41458.125,59.53418968008467,-34.69515353123397,283,249,982.1536071244798,998.1536071244798,16.0,24.710701359692074,10.822724359211715,606.9956286973883,1157500,-2.9091096869118336,-23.383406405642486,5.897243934097355,36.0458278296517,36.52504880137932,0,0,0,0,0,2,2,1,1
83,2013,7,5,6,41458.25,59.85760637030299,-34.58617452901078,284,250,979.8888805165733,999.8888805165733,20.0,27.118933434858615,12.808061411132437,682.1504708383106,1461875,-2.2647266079064865,-18.143902695144575,2.028339260756313,11.987431714817271,12.157823788578792,0,0,0,0,0,1,1,1,1
83,2013,7,5,9,41458.375,59.34264380602439,-34.45396598690978,283,248,980.0537784999102,1000.0537784999102,20.0,28.041118668350034,13.889960281502717,647.436739279043,1316875,0.16489798333699582,1.3280681460204369,2.4986795837630376,-19.087074853217626,19.249930548307102,0,0,0,0,0,1,1,1,1
83,2013,7,5,12,41458.5,59.14703127314555,-32.6972736747573,286,245,978.9747091892173,1000.9747091892173,22.0,30.389009258660714,13.249946256051917,691.8514951554815,1503750,-1.079069310693012,-8.70836579148222,33.390737311191096,-7.250373748073326,34.1688345963353,0,0,0,0,0,1,1,1,1
83,2013,7,5,15,41458.625,62.02487399696959,-31.440548129465963,295,254,977.6509536572734,999.6509536572734,22.0,29.65783833403334,13.96722148729139,649.8903216929125,1326875,-1.323755531943898,-10.384683933091269,21.85002210515084,106.667170190064,108.8820860488614,0,0,0,0,0,3,3,1,1
83,2013,7,5,18,41458.75,61.31152992315488,-31.118819156236615,294,251,978.1441380304246,1000.1441380304246,22.0,30.078574669493076,9.57070216332424,674.8200359515754,1430625,0.49318437315130725,3.8950238524285714,5.724495117129268,-26.440080653386083,27.052683957485584,0,0,0,0,0,3,3,1,1
83,2013,7,5,21,41458.875,61.403017560293506,-26.058022116163215,304,246,979.6989024126841,1001.6989024126841,22.0,31.91308747855226,6.995771285563605,720.5851801399391,1631250,1.5547643822594546,12.26836354994918,89.76103808616512,3.3909870335047847,89.82506749993223,0,0,0,0,0,1,1,1,1
83,2013,7,6,0,41459.0,62.31414830704101,-24.366475747841776,309,248,979.6660892793393,1001.6660892793393,22.0,32.00571394460137,7.794498515427694,714.0676781164791,1601875,-0.032813133344752714,-0.2567294228501929,29.129721551672972,33.77103884939704,44.598472425022415,0,0,0,0,0,1,1,1,1
83,2013,7,6,3,41459.125,63.10785470157933,-23.008870082822874,313,250,980.8983511930875,1000.8983511930875,20.0,30.40733616968048,5.869587262168425,690.8443280485272,1499375,1.2322619137480797,9.572539771209438,22.7597673568885,29.418708106001777,37.19499155485617,0,0,0,0,0,2,2,1,1
83,2013,7,6,6,41459.25,63.96764422183922,-21.108907598452593,318,252,982.2752041023923,1000.2752041023923,18.0,28.815450752274643,6.469715817618635,672.9010425734546,1422500,1.376852909304871,10.61616553440818,30.905595860369047,31.86807754501984,44.392907337770275,0,0,0,0,0,0,0,1,1
83,2013,7,6,9,41459.375,67.47657859443478,-18.978879755713443,327,265,983.7299777042494,999.7299777042494,16.0,25.475582993389217,5.637535449645802,632.515405501915,1256875,1.4547736018571595,10.911243879861281,30.24096666448911,130.0585667204448,133.52807510849217,0,0,0,0,0,4,4,1,1
83,2013,7,6,12,41459.5,66.15670669697604,-16.205998688994278,330,258,983.2701544344715,999.2701544344715,16.0,29.4068744426246,8.969549920415885,597.4152323832858,1121250,-0.4598232697779895,-3.483008196366352,41.54273288375682,-48.92101960604624,64.17994090637923,0,0,0,0,0,3,3,1,1
83,2013,7,6,15,41459.625,67.06164113066204,-14.51426629366844,334,261,984.8964760202059,1004.8964760202059,20.0,28.251689102784063,5.225061784638164,882.194803724987,2445000,1.626321585734404,12.234970618112916,24.437548563020773,33.54137265728279,41.49960794398805,0,0,0,0,0,4,4,1,1
83,2013,7,6,18,41459.75,68.33604183897648,-13.53049310232289,337,266,985.9549526779313,999.9549526779313,14.0,26.451657672248093,5.020957332951366,611.0787880702123,1173125,1.058476657725405,7.890701269392065,13.460814399276977,47.23563109226649,49.11617217349572,0,0,0,0,0,5,5,1,1
83,2013,7,6,21,41459.875,68.7092648205234,-11.90426571549174,340,267,987.6965596659131,1001.6965596659131,14.0,25.90152628856956,6.072658438102298,673.6397638877671,1425625,1.741606987981795,12.950048574573852,21.8856405931708,13.833500685057622,25.89106033705331,0,0,0,0,0,4,4,1,1
83,2013,7,7,0,41460.0,69.28849129909283,-10.332700515921784,343,269,989.8171266966776,1003.8171266966776,14.0,24.360220418093288,5.6966035908959745,746.4859305442391,1750625,2.120567030764505,15.70680271352673,20.60029834316552,21.469015265037555,29.753838546947915,0,0,0,0,0,1,1,1,1
83,2013,7,7,3,41460.125,69.85050513443737,-8.673174047879765,346,271,991.438565846518,1005.438565846518,14.0,23.16867747210588,4.397654462178616,785.0652948152559,1936250,1.621439149840444,11.966015628744783,21.1878523071975,20.831029064787902,29.71290725071602,0,0,0,0,0,1,1,1,1
83,2013,7,7,6,41460.25,70.4200708506266,-6.2674814048493,350,273,993.0680777450469,1007.0680777450469,14.0,22.15810513377554,3.652268889041224,857.1458487608522,2308125,1.629511898528872,11.982477505440379,29.879813815318677,21.110939343639274,36.58517505232038,0,0,0,0,0,1,1,1,2
83,2013,7,7,9,41460.375,71.41922183064351,-3.122130462115708,355,277,995.2131344634508,1009.2131344634508,14.0,20.780946613144334,2.9340889876071015,916.6995688475081,2640000,2.1450567184039393,15.6786318894397,37.143765900390775,37.033506643272574,52.45131037028862,0,0,0,0,0,2,2,1,2
83,2013,7,7,12,41460.5,74.99843817447196,-5.582605756531075,353,293,996.274125724281,1010.274125724281,14.0,16.2127094676369,4.295251131720433,942.9100173649128,2793125,1.0609912608301966,7.610125512545473,-23.60434755742616,132.66356626567026,134.74712255902776,0,0,1,0,0,3,3,1,1
83,2013,7,7,15,41460.625,77.08837540522703,-2.489552921999156,357,302,997.2873044970195,1009.2873044970195,12.0,14.292788295053077,4.183128415386818,881.9692649756216,2443750,1.0131787727384653,7.201594427562092,25.61398715187468,77.46347235518033,81.58839309079563,0,0,0,0,0,5,5,1,1
83,2013,7,7,18,41460.75,77.31349988703131,-2.533558888394575,357,303,998.0776634116172,1010.0776634116172,12.0,13.517328178615346,4.745508820029354,912.6758369800349,2616875,0.7903589145977458,5.612796215694784,-0.3582118350799332,8.344233413374328,8.351918760121169,0,0,0,0,0,5,5,1,1
83,2013,7,7,21,41460.875,77.31349988703131,-2.533558888394575,357,303,999.1831672144876,1009.1831672144876,10.0,12.807819441941827,5.019160631091291,827.0238013125258,2148750,1.1055038028703712,7.850822514407949,0.0,0.0,0.0,0,0,0,0,0,6,6,1,2
83,2013,7,8,0,41461.0,77.09620921823972,-1.4943335912665379,358,302,999.9044623132327,1009.9044623132327,10.0,12.434257219424559,4.120385153108364,866.6097089895087,2359375,0.7212950987450313,5.126747760286418,8.601712115073186,-8.053873325609771,11.783646585652738,0,0,0,0,0,5,5,1,2
83,2013,7,8,3,41461.125,76.99084347904011,7.431407971172507,367,302,999.9434460502308,1009.9434460502308,10.0,13.238524518446312,2.0728675185629255,863.9656724089153,2345000,0.038983736998197856,0.27720188781327154,74.40113227577093,-3.905378547050041,74.50356008616315,0,0,0,0,0,5,5,1,2
83,2013,7,8,6,41461.25,76.9597844841669,8.408911732600714,368,302,1000.537981648932,1008.537981648932,8.0,12.429542781964345,1.7177392713279547,779.8530799387183,1910625,0.5945355987011862,4.228097927315794,8.174918583572639,-1.151200885526404,8.255577346671647,0,0,0,0,0,6,6,1,2
83,2013,7,8,9,41461.375,77.3693963662414,9.713251024940284,369,304,1000.6758777325408,1008.6758777325408,8.0,12.399521325304416,1.4959312361806223,790.2431321794733,1961875,0.13789608360879357,0.979065371108689,10.5711834317953,15.182254393337995,18.500020746277404,0,0,0,1,0,8,8,1,3
83,2013,7,8,12,41461.5,78.27781317710112,14.966719564004862,373,309,1000.6425002787347,1008.6425002787347,8.0,12.131756189067772,4.958057224786534,810.9918632928801,2066250,-0.0333774538061698,-0.23617132248851017,39.54722514113739,33.67044688207695,51.939214564744574,0,0,0,0,0,9,9,1,3
83,2013,7,8,15,41461.625,78.27781317710112,21.903178081839158,379,311,1000.2099398868545,1010.2099398868545,10.0,12.09770768029929,2.8809870756080636,941.0092000759253,2781875,-0.4325603918801062,-3.0606996087757,52.20345235931246,0.0,52.20345235931246,0,0,1,0,0,7,7,1,1
83,2013,7,8,18,41461.75,77.20637704189065,27.68835389115342,386,309,999.3726518229018,1009.3726518229018,10.0,12.802730252367159,1.539338988755553,915.0704586763986,2630625,-0.8372880639527284,-5.948581309090406,47.46361534276879,-39.71275415301969,61.88616665963808,0,0,0,1,0,7,7,1,2
83,2013,7,8,21,41461.875,77.3814058301446,30.43972438064312,388,311,998.5817199271542,1010.5817199271542,12.0,13.345023760876376,2.0563802346111335,992.5568486181696,3095000,-0.7909318957476352,-5.615371055652677,22.276393074603025,6.48743775686135,23.201821847936248,0,0,0,0,0,8,8,1,2
83,2013,7,9,0,41462.0,77.57510820825141,30.96375653207352,388,312,997.534931102721,1009.5012602870802,11.966329184359202,13.493897742599444,2.247788944714848,957.8769476946277,2882500,-1.0467888244331698,-7.426297810032635,4.179082727579452,7.179573908154216,8.307286798143044,0,0,0,0,0,8,9,2,0
83,2013,7,9,3,41462.125,77.77182577117738,35.2933475906603,391,315,997.0279724156394,1008.946123642139,11.918151226499612,13.740534713875649,2.14554289073596,947.0153664660517,2817500,-0.5069586870816419,-3.5938505962930463,33.981998862564325,7.291331659750039,34.7554278360632,0,0,0,0,0,8,9,2,0
83,2013,7,9,6,41462.25,80.83033130669183,35.0493733120484,383,326,996.0401548238162,1006.0401548238162,10.0,14.038641819138892,3.022047771490252,753.7792427747439,1785000,-0.9878175918231136,-6.932391694279593,-1.4410628752415604,113.36343288783534,113.37259183032356,0,0,1,0,0,7,7,1,1
83,2013,7,9,9,41462.375,81.080711312575,32.69198418257207,381,326,995.6355723019963,1005.6355723019963,10.0,14.555516821502305,3.822134927231309,723.4782782457748,1644375,-0.4045825218199752,-2.837339824139891,-13.546190889163256,9.28032879581498,16.420225033905055,0,0,0,0,0,6,6,1,1
83,2013,7,9,12,41462.5,81.1999710354965,31.464143630865752,380,326,995.1316818797059,1005.1316818797059,10.0,15.002678089933404,4.198517596664533,692.7136157331284,1507500,-0.5038904222904239,-3.5326404201386548,-6.962259684259179,4.420358713968619,8.246977086861525,0,0,0,0,0,7,7,1,1
83,2013,7,9,15,41462.625,81.22860314269495,28.201628218694708,378,325,994.7619009098321,1006.7619009098321,12.0,15.217187056784493,4.421419575485925,818.9256019037834,2106875,-0.3697809698738274,-2.5922348511773943,-18.43772753291659,1.061248353203281,18.468244222049023,0,0,0,0,0,7,7,1,1
83,2013,7,9,18,41462.75,81.03008120065944,27.525225743744333,378,324,994.6433199451532,1006.6433199451532,12.0,15.126488267214638,5.278183675936962,831.9405380018935,2174375,-0.11858096467884024,-0.8317247373948601,-3.9089204037285477,-7.358210927324486,8.332042173061946,0,0,0,0,0,6,6,1,1
83,2013,7,9,21,41462.875,80.7266265936,25.016893478100023,377,322,994.865307549102,1006.865307549102,12.0,15.038967280633797,5.288477042570812,848.9834795373941,2264375,0.22198760394880082,1.5583416527293297,-14.98070834349882,-11.247537590642311,18.733091691599842,0,0,0,0,0,5,5,1,1
83,2013,7,10,0,41463.0,80.52258908590603,24.443954780416536,377,321,995.0888105350717,1007.0888105350717,12.0,14.793774142238277,5.283769112527298,881.4051656118847,2440625,0.2235029859696806,1.569902341376448,-3.4966721774884717,-7.562645233590092,8.331885695685276,0,0,0,0,0,4,4,1,1
83,2013,7,10,3,41463.125,80.31760891078197,23.89516141507037,377,320,995.5492443347451,1005.5492443347451,10.0,14.31358929422994,3.3745019888896053,771.6465711985983,1870625,0.460433799673483,3.2360761801389306,-3.4210696351183847,-7.597585178836238,8.332287680943399,0,0,0,0,0,4,4,1,1
83,2013,7,10,6,41463.25,78.21339549910375,25.346175941946694,382,312,995.8488837290992,1005.8488837290992,10.0,13.661451568385875,2.7526039526408566,802.484073664756,2023125,0.299639394354017,2.120676723243968,10.985579577421689,-77.99261865201855,78.76250074020668,0,0,0,0,0,4,4,1,1
83,2013,7,10,9,41463.375,78.3166316802355,26.81095430034869,383,313,996.0727393212472,1004.0727393212472,8.0,13.636042890999367,3.988907286751419,643.7388314180856,1301875,0.22385559214802925,1.5837293203855705,10.994002688679704,3.8264465293360628,11.640867156726966,0,0,0,0,0,6,6,1,1
83,2013,7,10,12,41463.5,77.48192490595716,22.65935204000586,381,308,996.4270412579572,1004.4270412579572,8.0,13.823328826600767,4.170462184210119,679.8133317338599,1451875,0.3543019367099623,2.5144501398905983,-33.34595770109667,-30.93838617853191,45.48776356708805,0,0,0,0,0,4,4,1,1
83,2013,7,10,15,41463.625,77.30951653656307,26.791515529419176,385,309,996.5066062249198,1004.5066062249198,8.0,13.346709883341438,2.1837716934965283,710.5765665704421,1586250,0.07956496696264366,0.5650457375586808,33.639566760176024,-6.390311995894733,34.24115271449277,0,0,0,0,0,4,4,1,1
83,2013,7,10,18,41463.75,77.29757384747155,29.054604099077146,387,310,996.1618511458129,1002.1618511458129,6.0,13.181169008362296,2.21464848997668,567.704817454536,1012500,-0.3447550791069807,-2.448458707063233,18.443314354478066,-0.44265547915662745,18.448625646679595,0,0,0,0,0,3,3,1,1
83,2013,7,10,21,41463.875,77.07272176027139,30.793233882239633,389,310,995.8839326301038,1001.8839326301038,6.0,13.155694275158272,2.748674266406597,568.0551444347792,1013750,-0.2779185157090251,-1.9755465907558065,14.416123579943003,-8.33413711403256,16.651800518492994,0,0,0,0,0,1,1,1,1
83,2013,7,11,0,41464.0,76.95590721281215,31.639781555235515,390,310,995.4053395148937,999.4053395148937,4.0,13.517455859103961,2.887120291308165,342.6029342114174,368750,-0.47859311521009656,-3.4036149950144012,7.081814416663024,-4.329728345249521,8.300520644857972,0,0,0,0,0,5,5,1,1
83,2013,7,11,3,41464.125,76.83626764804205,32.47119229084849,391,310,994.858724486994,998.858724486994,4.0,13.595453554071792,2.500788928183465,348.64679517591304,381875,-0.5466150278996793,-3.889257030439248,7.0178595656353195,-4.434437542799122,8.301481145191229,0,0,0,0,0,4,4,1,1
83,2013,7,11,6,41464.25,76.83626764804205,32.47119229084849,391,310,994.9104889448272,998.9104889448272,4.0,13.341325350499964,2.660036401503676,356.5459448579543,399375,0.051764457833196505,0.36831274531219976,0.0,0.0,0.0,0,0,0,0,0,4,4,1,1
83,2013,7,11,9,41464.375,76.40146204564684,33.55895613123258,393,309,995.6647329673874,1001.6647329673874,6.0,12.822082743300989,1.5672842655416026,562.6005626321456,994375,0.7542440225601603,5.376268814487365,9.479311179845919,-16.11605902099305,18.697184248235967,0,0,2,0,0,4,4,1,2
83,2013,7,11,12,41464.5,75.9006233138916,33.31063082456081,394,307,996.4272812681396,1002.4272812681396,6.0,12.600575983429868,1.7267801349738872,557.4495729542948,976250,0.7625483007522417,5.447187959968801,-2.242175563682736,-18.563575346092616,18.698494080765798,0,0,0,0,0,4,4,1,1
83,2013,7,11,15,41464.625,75.60901174068675,38.03174325862146,399,309,997.0649582624188,1003.0649582624188,6.0,11.855269393478403,1.4438622730158386,583.6022431559495,1070000,0.6376769942791725,4.5610719212375646,43.47952340409796,-10.808575830405339,44.80283771067548,0,0,0,0,0,6,6,1,2
83,2013,7,11,18,41464.75,75.00858462379178,39.53090502988807,402,308,998.3841593587316,1004.3841593587316,6.0,10.83202287445429,1.0474364288223297,641.1065750207368,1291250,1.319201096312754,9.461727014498317,14.373216566283096,-22.25481640618066,26.4927576468378,0,0,0,0,0,3,3,1,2
83,2013,7,11,21,41464.875,74.59462987415503,46.181188913326636,409,312,998.8044752930504,1004.8044752930504,6.0,10.457154833311282,1.7016310914766655,658.2547626623639,1361250,0.42031593431878717,3.0205614449462574,65.44573306694636,-15.343222673341236,67.22022358393141,0,0,0,0,0,4,4,1,2
83,2013,7,12,0,41465.0,74.4177089211011,47.92072152100039,411,313,999.658204086771,1005.658204086771,6.0,10.05290412178705,2.0906561623297604,678.934830399724,1448125,0.8537287937206566,6.140496620519992,17.318990693071203,-6.557570798906335,18.51888693764709,0,0,0,0,0,4,4,1,2
83,2013,7,12,3,41465.125,74.22661494141931,49.61992348166039,413,314,999.998495859796,1003.998495859796,4.0,9.969324051247506,2.148044558052352,538.5720785419342,911250,0.34029177302494645,2.4498616475905894,17.11971600715756,-7.082893684310703,18.527062884034674,0,0,0,0,0,4,4,1,2
83,2013,7,12,6,41465.25,74.05366814580078,50.14276455788424,414,314,1000.693065570045,1004.693065570045,4.0,9.433247564957005,1.436364141823069,567.5295728701926,1011875,0.6945697102490521,5.004703816525845,5.324133238131206,-6.410268750737759,8.33294306917181,0,0,0,0,0,5,5,1,2
83,2013,7,12,9,41465.375,73.70377011859307,55.10503636503796,419,318,1001.7603019550816,1003.7603019550816,2.0,8.447871024536461,6.938527604572957,404.8821944524756,515000,1.0672363850365219,7.703529432691772,51.595564718948395,-12.96896182281271,53.20052884538617,0,0,0,1,0,6,6,1,3
83,2013,7,12,12,41465.5,73.83215495674874,55.757967088390004,419,319,1002.2248141478505,1004.2248141478505,2.0,8.569495839501297,5.453653800782922,408.7941905733129,525000,0.4645121927688888,3.350756953404459,6.7387478806772885,4.758580886997904,8.24953423275729,0,0,1,0,0,4,4,1,2
83,2013,7,12,15,41465.625,72.25624442171224,54.79984866886764,424,314,1002.2064523633563,1002.2064523633563,0.0,7.846483093476582,3.65172684527679,14.104739588693906,625,-0.01836178449404542,-0.13356814208202777,-10.82273423866924,-58.41108544725689,59.40527316263775,0,0,0,2,0,5,5,1,1
83,2013,7,12,18,41465.75,72.07046078761661,55.21397298507049,425,314,1002.3280097338547,1002.3280097338547,0.0,7.736871874940512,3.0088422472414824,14.104739588693906,625,0.12155737049833988,0.8851613017619627,4.725293298262901,-6.886065855008105,8.351425010985658,0,0,0,0,0,4,4,1,1
83,2013,7,12,21,41465.875,72.19888092916113,55.80823094031979,425,315,1001.9538919885395,1001.9538919885395,0.0,8.26639073255204,3.3602812501220622,14.104739588693906,625,-0.37411774531530684,-2.722298088702112,6.733674899822035,4.759889406242778,8.246146058381184,0,0,0,0,0,3,3,1,1
83,2013,7,13,0,41466.0,71.88370008104842,55.61965527615513,426,314,1002.1308860103703,1002.1308860103703,0.0,7.8614472240454445,2.746928389578679,14.104739588693906,625,0.1769940218309057,1.2902097207205176,-2.1733782466464073,-11.682170428554647,11.882620877769032,0,0,0,0,0,3,3,1,1
83,2013,7,13,3,41466.125,71.7546236433852,55.036902453963506,426,313,1001.8467630064177,1001.8467630064177,0.0,7.987393009154325,2.270267668339802,14.104739588693906,625,-0.2841230039525544,-2.0726664753290565,-6.76256856721086,-4.78421500583373,8.28378215842697,0,0,0,0,0,5,5,1,1
83,2013,7,13,6,41466.25,71.62364356758023,54.46232220802562,426,312,1001.6198150467628,1001.6198150467628,0.0,7.689042778970686,4.303792445009967,14.104739588693906,625,-0.22694795965493542,-1.6568296502280966,-6.713950368293699,-4.854773307011288,8.285285354794995,0,0,0,0,0,3,3,1,1
83,2013,7,13,9,41466.375,71.62364356758023,54.46232220802562,426,312,,,,7.689042778970686,,0.0,0,0.0,,0.0,0.0,0.0,0,3,0,0,0,3,3,0,0
100,2013,6,30,3,41453.125,54.573828980522826,-71.4485965010326,212,310,1000.0670267935975,1002.0670267935975,2.0,8.425479663094473,9.45396779075214,257.3873444091637,208125,,,,,,3,0,0,0,0,6,6,1,1
100,2013,6,30,6,41453.25,57.19163057348859,-66.54097591853845,227,302,999.3637960414337,1007.3637960414337,8.0,10.09273435932255,2.979320799198249,1166.7782970523149,4276875,-0.7032307521637995,-5.796785522167511,98.53822356484892,97.02875203327893,138.2908537266716,0,0,2,0,0,6,6,1,2
100,2013,6,30,9,41453.375,57.40610653809334,-66.38205170855186,228,302,998.9244055413398,1000.9244055413398,2.0,11.105058538813669,5.204835842905086,243.48555665938588,186250,-0.4393905000938685,-3.613235871668991,3.1731115013137186,7.9495463837488325,8.559434812366032,0,0,0,2,0,6,6,1,1
100,2013,6,30,12,41453.5,56.88345887559139,-66.33685929180565,226,301,998.4788779911568,1008.4788779911568,10.0,12.036054869606414,4.408842497068472,918.8672227816731,2652500,-0.44552755018303286,-3.6853498731738092,0.915156321391192,-19.371922830951586,19.393527406351986,0,0,2,0,0,7,7,1,2
100,2013,6,30,15,41453.625,57.54324213497109,-64.95889021754607,230,299,998.2313226665271,1008.2313226665271,10.0,12.165417411407253,4.339432006082862,887.9266857919501,2476875,-0.24755532462964766,-2.032614691608359,27.40926162587578,24.454850376011304,36.73291888468444,0,0,0,0,0,7,7,1,2
100,2013,6,30,18,41453.75,56.708716324293476,-64.74683660542613,227,297,997.987807559843,1007.9293430298438,9.941535470000963,12.624082035127321,7.0471425698375985,855.1707218487189,2297500,-0.24351510668420814,-2.0183521578482773,4.314187513157256,-30.931678767096198,31.231089722414616,0,0,0,0,0,8,5,2,0
100,2013,6,30,21,41453.875,55.44684143395017,-64.86915325227514,222,295,999.393300735679,1001.393300735679,2.0,11.87691053994613,7.8349763314938174,203.9098547955877,130625,1.405493175836018,11.823140477115224,-2.5713603788365638,-46.771361955444796,46.84199177410243,0,0,0,2,0,4,4,1,1
100,2013,7,1,0,41454.0,55.558478255335395,-64.36581753871035,223,294,1001.9336925373024,1001.9336925373024,0.0,9.974997802300283,3.492470889917677,14.104739588693906,625,2.540391801623482,21.34141919941962,10.551225185816438,4.13781605492055,11.333572897642005,0,0,0,0,0,6,6,1,1
100,2013,7,1,3,41454.125,55.77021072166282,-64.20111714279675,224,294,1002.7840125403687,1004.7840125403687,2.0,9.61195779967281,6.387625875080048,240.1950600466464,181250,0.8503200030662993,7.125391514023114,3.43392707846977,7.8478586871833045,8.56625595895,0,0,2,0,0,6,6,1,2
100,2013,7,1,6,41454.25,56.08839201209706,-63.52084947747111,226,293,1003.99349601978,1003.99349601978,0.0,8.497189411430348,7.9125419297820905,14.104739588693906,625,1.209483479411283,10.097065571141256,14.067226166543968,11.793381749835262,18.35676183639279,0,0,0,2,0,6,6,1,1
100,2013,7,1,9,41454.375,55.983089638756084,-63.1780187984185,226,292,1004.5734566840878,1006.5734566840878,2.0,8.508885589755899,13.225443583400336,192.8794129702041,116875,0.5799606643077277,4.847651924820603,7.1087718270742375,-3.9030298930489633,8.109764437728028,0,0,0,0,0,4,4,1,1
100,2013,7,1,12,41454.5,54.716513349743316,-62.52556837372287,222,288,1005.3950058375965,1007.3950058375965,2.0,9.811253894364945,4.959627563997274,192.36300129927707,116250,0.8215491535088222,6.972719463412207,13.96862581234826,-46.94561918217076,48.97972710706748,0,0,0,0,0,4,4,1,1
100,2013,7,1,15,41454.625,53.9303075469098,-58.167251694877784,225,276,1004.4833026981826,1006.4833026981826,2.0,10.670721334636124,7.890053710069333,184.98192550829796,107500,-0.9117031394140213,-7.814491419254307,95.09527089702617,-29.140698857866393,99.45999636488857,0,0,0,0,0,6,6,1,1
100,2013,7,1,18,41454.75,53.423077272164235,-56.953678188195596,225,272,1002.681542269645,1006.681542269645,4.0,13.105316928464063,17.132424196993234,212.50932944773342,141875,-1.8017604285375273,-15.544293626712262,26.803964108668442,-18.800477730744348,32.74004359867286,0,0,0,0,0,4,4,1,1
100,2013,7,1,21,41454.875,53.09408248782492,-55.573523418560924,226,268,1003.7587121850147,1005.7587121850147,2.0,12.344664666110978,6.844702268663895,136.02118266811544,58125,1.077169915369741,9.332967437348797,30.71848842747423,-12.194183637017323,33.05031990529243,0,0,0,0,0,5,5,1,1
100,2013,7,2,0,41455.0,53.7338163732917,-54.46232220802562,230,267,1003.2753885070991,1005.2753885070991,2.0,12.805172518389188,6.4941385502882625,149.27053303604617,70000,-0.4833236779156141,-4.153116575568592,24.363193547727672,23.711720822172314,33.997219065574754,0,0,0,0,0,3,3,1,1
100,2013,7,2,3,41455.125,54.26135055554181,-52.509331073817336,235,264,1000.9136093029157,1004.9136093029157,4.0,14.441850723546178,9.578954965013473,242.66711549775604,185000,-2.361779204183404,-20.159041243160658,42.27942513035619,19.553041565932702,46.58187655980044,0,0,0,0,0,3,3,1,1
100,2013,7,2,6,41455.25,54.71043154480093,-51.02268689790145,239,262,997.6784509254736,1003.6784509254736,6.0,16.087185754080192,13.57453211100772,281.03494535262524,248125,-3.2351583774421306,-27.45976461660664,31.832576166391494,16.645175886044676,35.921787061148265,0,0,0,0,0,3,3,1,1
100,2013,7,2,9,41455.375,54.954413806577534,-49.74178975451907,242,260,996.1801907101362,1002.1801907101362,6.0,16.79841565926246,14.059859580425035,292.14181185347104,268125,-1.4982602153373592,-12.679014529257467,27.26190973372998,9.04319656694091,28.7226587640903,0,0,0,0,0,3,3,1,1
100,2013,7,2,12,41455.5,54.41201166975823,-45.0,249,249,996.7118833587288,1000.7118833587288,4.0,16.237870860145446,6.273465528071174,301.19481662601754,285000,0.5316926485925797,4.529723970151809,102.26135893436368,-20.10412193849155,104.21881428043835,0,0,0,0,0,2,2,1,1
100,2013,7,2,15,41455.625,54.548077209822175,-42.657387993501736,254,245,995.5436378532235,1001.5436378532235,6.0,16.40992615186011,5.4662489375407315,449.14239431273614,633750,-1.1682455055053287,-9.935940851166059,50.36011282323322,5.043265915420914,50.61200939166934,0,0,0,0,0,1,1,1,1
100,2013,7,2,18,41455.75,54.74389266923175,-39.49765957381751,261,240,993.5295449487054,1001.5295449487054,8.0,17.27394593279681,4.4792435212495185,508.749178086014,813125,-2.0140929045180385,-17.088398490874752,67.59698868548506,7.25789521497258,67.98551259126548,0,0,0,0,0,2,2,1,1
100,2013,7,2,21,41455.875,54.965121525925994,-37.8749836510982,265,238,991.7869594488416,999.7869594488416,8.0,18.032608074078496,5.625486593195019,452.4522577598109,643125,-1.742585499863926,-14.744682729022042,34.52664674916603,8.199842163925533,35.486994057752874,0,0,0,0,0,2,2,1,1
100,2013,7,3,0,41456.0,55.10458033722793,-35.7114324663358,270,235,990.5837527349682,1000.5837527349682,10.0,18.74220025886573,6.345704654700021,548.9987918750612,946875,-1.2032067138732236,-10.163478316253078,45.87441417313567,5.169037430885371,46.16471405402924,0,0,0,0,0,2,2,1,1
100,2013,7,3,3,41456.125,55.70314298440245,-32.26718986879082,279,232,987.7871700818047,997.7871700818047,10.0,19.36265537551211,7.622370443660256,456.39240985309783,654375,-2.7965826531636413,-23.453102538150603,71.92699017819008,22.18570988158109,75.27082860606184,0,0,0,0,0,2,2,1,1
100,2013,7,3,6,41456.25,56.3965078941129,-31.16316099211813,283,233,984.9152280264174,996.9152280264174,12.0,20.881962254297058,10.84130843088009,465.67006556435143,681250,-2.871942055387335,-23.8896585325829,22.647061016975062,25.699553424388476,34.254290518409356,0,0,0,0,0,3,3,1,1
100,2013,7,3,9,41456.375,56.75512869839178,-30.157772942088904,286,233,983.559137068555,997.559137068555,14.0,22.205839983173234,12.437126422344736,513.0326374980659,826875,-1.356090957862325,-11.233861015066427,20.42900068221628,13.292271341667204,24.372700841197318,0,0,0,0,0,1,1,1,1
100,2013,7,3,12,41456.5,56.78396501340752,-29.283024601265296,288,232,983.145351286051,999.145351286051,16.0,22.64660395266749,10.771594782079191,696.1514215419095,1522500,-0.4137857825039828,-3.426672450324797,17.76085404240423,1.0688173109583168,17.79298476253467,0,0,0,0,0,2,2,1,1
100,2013,7,3,15,41456.625,56.716714404424884,-27.002415044598717,293,229,984.0109367408655,998.0109367408655,14.0,22.450454016186388,6.156337065806947,607.8144549548506,1160625,0.8655854548145726,7.173666480799152,46.3865509977346,-2.49264217754182,46.453475418860684,0,0,0,0,0,3,3,1,1
100,2013,7,3,18,41456.75,57.002554665340526,-24.182779246890075,300,227,984.7421631100821,998.7421631100821,14.0,22.04073366424124,7.568521663538632,683.1704550234759,1466250,0.7312263692164561,6.040438768138664,56.912131300942285,10.594662281525425,57.889874400237495,0,0,0,0,0,2,2,1,1
100,2013,7,3,21,41456.875,57.553057124999384,-21.987554963696205,306,227,985.4005479967313,999.4005479967313,14.0,21.958180703583434,8.268317187562861,708.3332253235055,1576250,0.6583848866492917,5.4052443753214945,43.652417689881844,20.40436020647187,48.18580170140746,0,0,0,0,0,3,3,1,1
100,2013,7,4,0,41457.0,59.8995650631076,-19.11700921609466,316,234,986.4916474876865,998.4916474876865,12.0,19.40548448124595,5.422993420839775,654.4659965162921,1345625,1.0910994909550937,8.73765227980988,53.35561299490273,86.97325934960593,102.03513747702625,0,0,0,0,0,2,2,1,1
100,2013,7,4,3,41457.125,60.9933899299839,-17.020525611519858,322,237,986.3484004727342,998.3484004727342,12.0,18.77904062929583,7.183584764715562,650.6551687525748,1330000,-0.14324701495221234,-1.1347879545250266,37.67890409216892,40.54259194476811,55.348004256584,0,0,0,0,0,2,2,1,1
100,2013,7,4,6,41457.25,61.503962557825126,-16.85180015213771,323,239,986.2789924835465,998.2789924835465,12.0,18.780077976458788,6.7870478277294035,648.3579207825478,1320625,-0.06940798918774817,-0.5471611700773488,2.983676915240816,18.924361966508403,19.158126311671786,0,0,0,0,0,1,1,1,1
100,2013,7,4,9,41457.375,62.013658921339974,-16.677062361500187,324,241,987.3009678309711,997.3009678309711,10.0,18.4115613518271,6.465973388472703,562.0698907052505,992500,1.0219753474245954,8.01809279097165,3.039239640011423,18.891883250677132,19.134791097543552,0,0,0,0,0,2,2,1,1
100,2013,7,4,12,41457.5,62.23498191262689,-16.811018925426225,324,242,987.9170850843747,995.9170850843747,8.0,18.24727894436998,5.588446136088678,432.2130429014286,586875,0.616117253403645,4.823993300516342,-2.3129724039067585,8.203331260301226,8.523173417657857,0,0,0,0,0,2,2,1,1
100,2013,7,4,15,41457.625,62.45603491167122,-16.947081294094232,324,243,989.5729088905606,995.5729088905606,6.0,17.075983902727717,5.626041198297243,380.8279688947355,455625,1.6558238061859447,12.938366774942512,-2.3320981914279297,8.193324004431036,8.518758138135349,0,0,0,0,0,2,2,1,1
100,2013,7,4,18,41457.75,62.711221315490704,-15.130200777047992,328,243,991.112619704394,997.112619704394,6.0,15.846728985476917,4.259639953056758,445.5847747703454,623750,1.5397108138333715,12.003313729349362,30.873925885896284,9.458477817798922,32.290278757508595,0,0,0,0,0,2,2,1,1
100,2013,7,4,21,41457.875,63.16218200447674,-13.392497753751098,332,244,993.0679899583407,996.4490617087292,3.38107175038851,14.73396149850259,3.503346438536028,360.70648175160983,408750,1.9553702539467486,15.182544381310157,29.077136889871895,16.71484691046048,33.53902200351822,0,0,0,0,0,2,4,2,0
100,2013,7,5,0,41458.0,67.24442168250596,-5.3999734233250605,350,259,991.3569216925193,997.3569216925193,6.0,16.93450330887234,7.86967580754943,345.4941494713355,375000,-1.092140016209887,-8.20523636948325,26.154218022665567,54.35320702468192,60.31844025043301,0,0,0,0,2,2,2,1,1
100,2013,7,5,3,41458.125,68.15405375590451,-5.622400627089724,350,263,990.8080983035063,998.8080983035063,8.0,17.425223106908312,10.808011190304823,373.1763325901154,437500,-0.5488233890131232,-4.096541981724509,-3.0677883143223528,33.71549055836333,33.85477261380704,0,0,0,0,0,3,3,1,1
100,2013,7,5,6,41458.25,68.83506082849196,-5.801586887647001,350,266,990.5401979924646,1000.5401979924646,10.0,17.949453392407406,11.875340191291325,491.0394472791585,757500,-0.26790031104159423,-1.9903253683530588,-2.397951622168961,25.241510493595882,25.35515773921696,0,0,0,0,0,2,2,1,1
100,2013,7,5,9,41458.375,69.31079134641799,-5.30732684933118,351,268,991.7091147666412,1001.7091147666412,10.0,17.564581605376976,11.117921188102263,501.85924066706633,791250,1.1689167741764686,8.656762481890834,6.472320548494655,17.632940014453997,18.783277318822694,0,0,0,0,0,3,3,1,1
100,2013,7,5,12,41458.5,70.02922901773547,-4.200622204635398,353,271,993.2264354485405,1001.2264354485405,8.0,16.41999623643558,7.068849483962912,405.6185676485321,516875,1.5173206818994367,11.184887117894373,14.009801384763207,26.628874720278432,30.089391880009753,0,0,0,0,0,3,3,1,1
100,2013,7,5,15,41458.625,70.95223513924294,-3.7240579727482865,354,275,994.6027891742074,1000.6027891742074,6.0,15.157914043509415,4.327412812966795,314.1274657157109,310000,1.3763537256668497,10.088008725877552,5.76469072921647,34.211199324500896,34.69348380350761,0,0,0,0,0,5,5,1,1
100,2013,7,5,18,41458.75,71.65699965248788,-2.459043990104621,356,278,995.2870386603603,1001.2870386603603,6.0,14.526961021258737,4.3902974260818155,362.6317301749511,413125,0.6842494861528394,4.994386476237678,14.755523222223658,26.122079450652652,30.00147497020424,0,0,0,0,0,5,5,1,1
100,2013,7,5,21,41458.875,72.57207860739152,-1.8476102659945954,357,282,996.7279740079533,1000.7279740079533,4.0,12.875375203761955,2.8250778524438647,288.716818776427,261875,1.4409353475930402,10.463421673809577,6.787603034178643,33.91737908816329,34.589885214608145,0,0,0,0,0,4,4,1,1
100,2013,7,6,0,41459.0,73.70377011859307,-1.9749340108819762,357,287,997.6522358687872,1001.6522358687872,4.0,11.628583898870355,1.781643137406063,313.8106451956502,309375,0.9242618608339399,6.671510218614845,-1.3242384809794687,41.94611819077528,41.9670160820256,0,0,0,0,0,4,4,1,1
100,2013,7,6,3,41459.125,74.58474906697153,-3.758555685471997,355,291,998.4738758843907,1000.4738758843907,2.0,9.84874685702998,1.9030505023067235,224.3496172334865,158125,0.8216400156034797,5.904920383306778,-17.57219191544697,32.65346318011416,37.08140485969175,0,0,0,0,0,5,5,1,1
100,2013,7,6,6,41459.25,75.27478550313617,-3.0586975740958238,356,294,998.753456823187,1000.753456823187,2.0,9.393115003012335,1.2493687087483705,236.0174359706574,175000,0.27958093879627993,2.0027726557614334,6.593540898969425,25.576183633800383,26.41242038996542,0,0,0,0,0,3,3,1,1
100,2013,7,6,9,41459.375,75.6937599012114,-4.950272234291744,354,296,999.6912146345313,999.6912146345313,0.0,8.48090792678045,2.2247507758956635,14.104739588693906,625,0.9377578113443451,6.704903638321317,-17.324049797399997,15.529275819974165,23.26544882171047,0,0,0,0,0,6,6,1,1
100,2013,7,6,12,41459.5,75.89703156612961,-5.937416099481517,353,297,999.6032740411729,999.6032740411729,0.0,8.414367996265959,3.433282675055816,14.104739588693906,625,-0.08794059335850761,-0.6282047765491788,-8.915233667632698,7.534259289832948,11.672465651906013,0,0,0,0,0,6,6,1,1
100,2013,7,6,15,41459.625,75.89703156612961,-5.937416099481517,353,297,,,,8.414367996265959,,0.0,0,0.0,,0.0,0.0,0.0,0,3,0,0,0,6,6,0,0
115,2013,7,5,12,41458.5,44.52665239963583,143.85532665321523,476,519,999.3448927291855,999.3448927291855,0.0,8.504851632532427,5.77861095469314,14.104739588693906,625,,,,,,3,0,0,0,0,18,18,1,1
115,2013,7,5,15,41458.625,44.52665239963583,143.85532665321523,476,519,998.7241037997572,998.7241037997572,0.0,8.464716227567997,5.761231474345623,14.104739588693906,625,-0.6207889294282358,-6.133343648939762,0.0,0.0,0.0,0,0,0,0,0,20,20,1,1
115,2013,7,5,18,41458.75,43.95518852787875,145.39550427208536,473,524,998.0383756813687,998.0383756813687,0.0,10.131795630202827,2.654935430175028,14.104739588693906,625,-0.6857281183885061,-6.844682577351972,41.09510273849189,-21.181294433348015,46.23261514298519,0,0,0,0,0,15,15,1,1
115,2013,7,5,21,41458.875,45.760944200832164,148.16819201818095,461,523,998.433994389316,998.433994389316,0.0,10.734026960418149,2.105759904177321,14.104739588693906,625,0.3956187079472875,3.825784586706231,71.69399512960398,66.93028986401698,98.08003180528141,0,0,0,0,0,15,15,1,1
115,2013,7,6,0,41459.0,46.68056086288723,148.8799826384954,457,521,997.5427553839723,999.5427553839723,2.0,11.244413072432069,1.5165040281880646,288.0269329188686,260625,-0.8912390053436684,-8.48707242508113,18.100055649597408,34.08556909277591,38.593238201748804,0,0,0,0,0,18,18,1,1
115,2013,7,6,3,41459.125,48.040446828819725,150.00271602076862,451,518,996.7763406743278,998.7763406743278,2.0,11.217736412471128,3.3234236852170578,211.1004122822376,140000,-0.7664147096445959,-7.140607151357297,27.823173975491688,50.404140075609234,57.57348649189238,0,0,0,0,0,19,19,1,1
115,2013,7,6,6,41459.25,48.60662875019781,150.66816042175248,448,517,995.462718564306,997.462718564306,2.0,11.84241971944,3.7608053807629034,185.5188843315482,108125,-1.3136221100218244,-12.13168714087257,16.308853666729327,20.985519071703738,26.57763568550882,0,0,0,0,0,13,13,1,1
115,2013,7,6,9,41459.375,49.49089155737008,151.47997328184607,444,515,994.8835914512324,996.8835914512324,2.0,12.430586665343235,4.367762605930912,160.19904673114672,80625,-0.5791271130736277,-5.277253748564077,19.545319953844384,32.77517932601076,38.16060680794149,0,0,0,0,0,18,18,1,1
115,2013,7,6,12,41459.5,50.13954064474003,151.74378039254296,442,513,994.1687648549967,998.1687648549967,4.0,13.383640016948535,4.586577521207292,271.3100830783876,231250,-0.7148265962356527,-6.451816862314172,6.26691559147634,24.042162562720783,24.845518946542093,0,0,0,0,0,21,21,1,1
115,2013,7,6,15,41459.625,50.68587278059355,152.46645182483581,439,512,993.2683245981501,997.2683245981501,4.0,13.468829182202898,5.624590097450273,250.73133533983872,197500,-0.9004402568466321,-8.063282902996429,16.970655683546532,20.249787256598967,26.420769070316787,0,0,0,0,0,24,24,1,1
115,2013,7,6,18,41459.75,50.691423306818564,153.21142936056143,437,513,993.1957422685856,999.1957422685856,6.0,13.606738884793248,5.923833253620542,349.50167213195084,383750,-0.0725823295644659,-0.649910341440819,17.49240090874023,0.205730118809564,17.493610674582918,0,0,0,0,0,24,24,1,1
115,2013,7,6,21,41459.875,51.00888611266655,154.11075236432953,434,513,993.2320931370241,999.2320931370241,6.0,13.743166652831635,6.065808087093028,364.00067324663405,416250,0.036350868438457834,0.324024821616862,20.97323101522886,11.766751136214497,24.048551963055132,0,0,0,0,0,19,19,1,1
115,2013,7,7,0,41460.0,51.20067980836419,158.04195946721805,423,517,994.40857482843,1000.40857482843,6.0,13.728529427970255,5.218447083230858,491.44442833544383,758750,1.1764816914059337,10.45865448151548,91.29027443454176,7.108828641329067,91.56664049197026,0,0,0,0,0,16,16,1,1
115,2013,7,7,3,41460.125,51.462343336359346,158.98687015587808,420,517,993.7778552876184,997.7778552876184,4.0,14.085882144788444,4.83946629654427,354.3070156851716,394375,-0.6307195408115512,-5.58649907930351,21.820245444972123,9.698552266992614,23.8785474297415,0,0,0,0,0,18,18,1,1
115,2013,7,7,6,41460.25,51.935981275577745,159.82605505144312,417,516,992.9633129165086,994.9633129165086,2.0,14.272203332015614,4.974469862764235,154.50968080927584,75000,-0.8145423711098556,-7.167731252255429,19.177029238770977,17.55537863582341,25.99903401035896,0,0,0,3,0,19,19,1,1
115,2013,7,7,9,41460.375,52.70225658575247,160.90013967904343,413,514,993.764259100942,995.764259100942,2.0,13.616245157518533,4.337155408313192,169.2568750643269,90000,0.8009461844334146,6.9756586407094,24.12348518728819,28.40197563480513,37.26412158553287,0,0,0,0,0,16,16,1,1
115,2013,7,7,12,41460.5,52.85478285767519,161.565051177078,411,514,993.1548914910604,995.1548914910604,2.0,14.220302036130574,3.98806970065285,175.60259173501603,96875,-0.6093676098815922,-5.29642729865152,14.881472583042445,5.653382539271485,15.919138179411085,0,0,0,0,0,19,19,1,1
115,2013,7,7,15,41460.625,53.45257434126749,162.017079506598,409,512,992.8509209842825,994.8509209842825,2.0,13.751325183158395,4.515693102774021,176.73188049071527,98125,-0.3039705067778414,-2.621437907618343,9.977038121837271,22.157126722262692,24.299785066354016,0,0,0,0,0,19,19,1,1
115,2013,7,7,18,41460.75,53.29941019270474,162.46550009407932,408,513,993.0862562132514,995.0862562132514,2.0,13.466338309475622,4.153498371635287,258.9285997673121,210625,0.23533522896890646,2.033564895397615,9.933068033450862,-5.677025421337337,11.440911597931073,0,0,2,0,0,17,17,1,2
115,2013,7,7,21,41460.875,53.43929815036896,163.14678121412203,406,513,993.0378188531715,995.0378188531715,2.0,13.816236627992524,3.4312091688017974,231.76452121391375,168750,-0.04843736007998814,-0.41779496682764056,15.041707386731588,5.184943730310098,15.910267206886804,0,0,0,2,0,20,20,1,1
115,2013,7,8,0,41461.0,53.53675255872278,164.96476533620125,401,514,993.1931800208465,997.1931800208465,4.0,13.858056232182674,1.112750688998567,405.12780090178586,515625,0.1553611676750006,1.3383767171906311,40.045423022228334,3.612145262697169,40.20800291519141,0,0,0,1,0,19,19,1,2
115,2013,7,8,3,41461.125,53.88557015765245,165.56922411778737,399,513,993.1468160186009,995.1468160186009,2.0,13.55941464900365,1.6855788938063783,216.68112103298049,147500,-0.04636400224553654,-0.3976265665678984,13.205021142213099,12.928915775105194,18.480515319818842,0,0,0,2,0,20,20,1,1
115,2013,7,8,6,41461.25,54.4014475531804,165.74150869596195,398,511,992.7702688540346,998.7702688540346,6.0,13.401956908775606,2.1928595493389,480.1830107410958,724375,-0.376547164566291,-3.2083946068838474,3.717144326992421,19.120983051105384,19.47894131590193,0,0,2,0,0,22,22,1,2
115,2013,7,8,9,41461.375,54.629932771146905,165.65066795705286,398,510,993.2209434172262,999.2209434172262,6.0,13.224209490718772,2.633870443674823,463.74358955453346,675625,0.4506745631915692,3.8291009108359595,-1.9490111438250763,8.46879901705095,8.69017843487448,0,0,1,0,0,23,23,1,1
115,2013,7,8,12,41461.5,54.4014475531804,165.74150869596195,398,511,994.3073341704307,1000.3073341704307,6.0,12.398462860456014,2.6367477438113567,452.89174524347436,644375,1.0863907532044685,9.256663073175432,1.9599444221722504,-8.46879901705095,8.692637052655957,0,0,0,0,0,22,22,1,1
115,2013,7,8,15,41461.625,54.1727158857304,165.83122990755416,398,512,995.1888261410912,999.1888261410912,4.0,11.318198615432669,2.8219265134112357,350.3544631649842,385625,0.8814919706605724,7.532396660228435,1.9465692891738315,-8.477933661130015,8.698533851177226,0,0,0,0,0,20,20,1,1
115,2013,7,8,18,41461.75,53.94373802967001,165.9198517287796,398,513,996.2760796446124,1000.2760796446124,4.0,10.299585030813942,3.120205345621216,352.0538480585229,389375,1.0872535035212059,9.317597588799428,1.9333452234956943,-8.487058635954384,8.70448091751263,0,0,0,0,0,21,21,1,1
115,2013,7,8,21,41461.875,53.94373802967001,165.9198517287796,398,513,997.3445945718863,1001.3445945718863,4.0,9.45118600201716,2.855187553342839,395.1844985686082,490625,1.0685149272737908,9.157010833001458,0.0,0.0,0.0,0,0,0,0,0,25,25,1,1
115,2013,7,9,0,41462.0,53.94373802967001,165.9198517287796,398,513,998.7236369664886,1000.7236369664886,2.0,8.106715022374885,2.7900926087095286,206.81608002267828,134375,1.379042394602293,11.818184120983979,0.0,0.0,0.0,0,0,0,0,0,25,25,1,1
115,2013,7,9,3,41462.125,53.94373802967001,165.9198517287796,398,513,,,,8.106715022374885,,0.0,0,0.0,,0.0,0.0,0.0,0,3,0,0,0,25,25,0,0
119,2013,7,1,21,41454.875,69.90141410368585,-143.19426333463022,306,431,997.980683045294,997.980683045294,0.0,8.852463315792113,11.283302235935698,14.104739588693906,625,,,,,,3,0,0,0,0,14,14,1,1
119,2013,7,2,0,41455.0,69.84033808091534,-140.8906264162041,303,429,996.6221917937015,998.2885988549818,1.6664070612803334,10.058316231651844,14.551261792936277,266.12769430462026,222500,-1.3584912515924952,-10.026146401081323,29.4248565762309,-2.2637812905693644,29.511809335642077,0,0,0,1,0,10,11,2,0
119,2013,7,2,3,41455.125,67.32155814276724,-138.62657178387963,293,435,994.5678481447235,996.5678481447235,2.0,11.86641065456556,6.93350504230053,222.12166116452389,155000,-2.054343648977956,-15.425565257362116,32.35320408172627,-93.35851681872103,98.80557917924092,0,0,0,0,0,10,10,1,2
119,2013,7,2,6,41455.25,67.64412680354815,-138.6782387219934,294,434,994.1351660803008,996.1351660803008,2.0,11.791845461857283,9.951019044486674,241.43425172789108,183125,-0.4326820644226973,-3.241330097676828,-0.7283988194867154,11.955999524455356,11.978167199910274,0,0,0,0,0,9,9,1,2
119,2013,7,2,9,41455.375,67.03018838329922,-133.01136214352593,285,429,993.9938366267739,997.9938366267739,4.0,13.764963283628408,3.7093872423523133,457.04579946446574,656250,-0.14132945352685056,-1.0634820322107552,81.93999278994458,-22.755612534618617,85.0410507945537,0,0,0,0,0,11,11,1,1
119,2013,7,2,12,41455.5,65.2305354165703,-125.35559435989195,270,423,992.8421447671872,998.8269042174966,5.984759450309502,16.64625752094199,6.535248935629278,536.7219457003138,905000,-1.1516918595868628,-8.78760727612141,118.81385277129395,-66.70409320702832,136.25772514221217,0,0,0,1,0,10,12,2,0
119,2013,7,2,15,41455.625,66.13070643844212,-124.21570213243739,272,419,991.1479674430967,997.1479674430967,6.0,17.4740936253127,5.835207963442372,473.71771104696137,705000,-1.694177324090415,-12.83540477556619,17.096323741368884,33.36481691486479,37.489935892611776,0,0,0,0,0,11,11,1,2
119,2013,7,2,18,41455.75,66.82672575129128,-124.69515353123397,275,418,990.231452209015,998.231452209015,8.0,16.999232192167952,4.234428039904596,571.5466041331321,1026250,-0.916515234081744,-6.907073436012869,-6.993047352694283,25.797938811819446,26.72894233252421,0,0,1,0,0,10,10,1,1
119,2013,7,2,21,41455.875,67.14496253732521,-124.55218245052608,276,417,989.4965067110447,999.4965067110447,10.0,17.109822111969258,5.7110460537490875,661.8715742955291,1376250,-0.734945497970184,-5.5256693993731725,2.058221400120423,11.795438692880916,11.973664822827885,0,0,0,0,0,10,10,1,1
119,2013,7,3,0,41456.0,66.95620977725308,-124.23424445525708,275,417,989.7383299878742,999.7383299878742,10.0,16.390141114553643,6.924588434839897,692.4263614741532,1506250,0.24182327682938193,1.8206802489371627,4.612802110293056,-6.996116436726118,8.379951581301256,0,0,0,0,0,9,9,1,1
119,2013,7,3,3,41456.125,66.36567400602162,-121.3388462930945,270,414,989.6860766547303,999.6860766547303,10.0,16.121036684380627,7.446965867430482,694.1481039451978,1513750,-0.052253333143889906,-0.39516726897512927,43.01966925596103,-21.888193921023035,48.26784619202092,0,0,0,0,0,10,10,1,1
119,2013,7,3,6,41456.25,66.94949553718646,-122.21329855081326,273,414,990.1526347060918,999.8031578228439,9.650523116752156,15.573392454650614,5.273200266960194,686.2213111476103,1479375,0.46655805136149864,3.5128768072766743,-12.690391529192325,21.6393307771295,25.085985602447842,0,0,0,0,0,11,10,2,0
119,2013,7,3,9,41456.375,66.74891720168694,-107.20486037516466,261,390,989.735390614412,1001.735390614412,12.0,13.868197836049879,8.1329657480077,803.5988934756975,2028750,-0.0677672084319056,-0.5110070703639638,7.7439759943247175,2.5468157251164567,8.152020273427805,0,0,0,0,2,10,10,1,1
119,2013,7,3,12,41456.5,65.15533296313436,-99.67627109977226,251,378,990.5652664539515,1000.5652664539515,10.0,11.859565633872688,6.125439996475543,741.1366252897665,1725625,0.8298758395394543,6.335938270558487,117.17481480309286,-59.06616083592644,131.2202293094881,0,0,0,0,0,9,9,1,1
119,2013,7,3,15,41456.625,64.02563061962874,-95.23954368542924,245,370,989.92195267025,997.92195267025,8.0,12.380421878951589,7.455010814301495,586.8317545217611,1081875,-0.643313783701451,-4.957795251340564,72.00823529445611,-41.872389738764355,83.29755682285486,0,0,0,0,0,8,8,1,1
119,2013,7,3,18,41456.75,62.95511564372975,-92.63518458245143,240,365,989.8545002058676,995.8545002058676,6.0,12.605554426724426,8.228247173032141,443.57107479789033,618125,-0.06745246438251343,-0.5247000109921712,43.88829995265102,-39.678611405663666,59.165657909090555,0,0,0,0,0,9,9,1,1
119,2013,7,3,21,41456.875,62.71313392051217,-93.08765128498506,239,366,991.2581617131882,997.2581617131882,6.0,11.736265816677527,4.396794208035208,505.2175174948184,801875,1.4036615073206484,10.942508914285709,-7.6884269393398945,-8.969046654167201,11.813369827707726,0,0,0,0,0,9,9,1,1
119,2013,7,4,0,41457.0,62.469311838405595,-93.53229458389089,238,367,991.0104196717065,997.0104196717065,6.0,12.139354114676308,6.287248073882074,463.74358955453346,675625,-0.2477420414816879,-1.935586463421086,-7.617750850350215,-9.037259511388056,11.819567991013264,0,0,0,1,0,8,8,1,2
119,2013,7,4,3,41457.125,61.70683605126831,-84.7225939170928,235,348,991.8565819136461,995.8565819136461,4.0,10.68356699743323,3.634606930791706,372.10858696078077,435000,0.313367270877352,2.465631487991592,47.91293255845789,-12.065277637057628,49.40870399849218,0,0,0,0,2,7,7,1,1
119,2013,7,4,6,41457.25,61.054951397352475,-81.67975748263055,233,341,992.3152514167109,998.3152514167109,6.0,10.769005045743738,2.1685998087644838,651.8770574697046,1335000,0.45866950306488435,3.6313708460757126,54.578574466984,-24.162088757627934,59.68774852496623,0,0,0,0,0,6,6,1,1
119,2013,7,4,9,41457.375,60.90668086585224,-79.91452370003753,233,337,993.2377152697998,999.2377152697998,6.0,10.366086028792909,2.7747235146658933,688.9699687007974,1491250,0.9224638530888478,7.313808071192305,31.812492903333688,-5.495643624572817,32.28369253311901,0,0,0,0,0,7,7,1,1
119,2013,7,4,12,41457.5,60.68196749247684,-77.7352262721076,233,332,994.1615512098891,1001.7011581253266,7.539606915437471,9.909048500536217,2.7454766404280964,899.7231959337009,2543125,0.9238359400893387,7.340763286282827,39.55051941972213,-8.32899568950961,40.418012761214364,0,0,0,1,0,6,8,2,0
119,2013,7,4,15,41457.625,60.628268046200795,-82.24478289265946,231,342,993.7722637309294,995.7722637309294,2.0,10.092693378075362,2.1670449654942057,237.27844638474429,176875,-0.38928747895974086,-3.094892996312214,-81.96496998849068,-1.990368663172903,81.98913264957447,0,0,1,0,0,9,9,1,1
119,2013,7,4,18,41457.75,60.94639338452072,-80.35415574338803,233,338,994.6192684888883,996.6192684888883,2.0,9.147068606746618,2.4722895900216098,227.86904174049369,163125,0.8470047579589299,6.712938855727871,34.0296915721448,11.791307886086425,36.014647716724745,0,0,0,0,0,8,8,1,1
119,2013,7,4,21,41457.875,61.63660299438644,-77.79349314644143,237,333,994.8700745945316,1004.8700745945316,10.0,9.29260505644707,4.296422807614654,1100.8024109557166,3806875,0.250806105643278,1.974693156630655,45.085669382036095,25.58260231279651,51.838085658335885,0,0,2,0,0,11,11,1,4
119,2013,7,5,0,41458.0,61.86265516975078,-77.6960764459401,238,333,994.5160536393049,1004.5160536393049,10.0,10.25336378475933,4.692606648719083,1006.3907139382046,3181875,-0.3540209552267333,-2.781440681785236,1.702780550733131,8.378618352493323,8.549895151444428,0,0,0,0,0,5,5,1,1
119,2013,7,5,3,41458.125,61.93154014590323,-76.24379232524569,239,330,994.3372257496318,1004.3372257496318,10.0,10.902069559434247,5.375753244630032,913.0027461315775,2618750,-0.1788278896731208,-1.4040974610638037,25.32736921162752,2.553219956727739,25.455737336198503,0,0,0,0,0,6,6,1,1
119,2013,7,5,6,41458.25,61.81805521910993,-75.35009589418704,239,328,994.0077940516771,1004.0077940516771,10.0,11.23305673181858,4.864254798070396,865.9207386601224,2355625,-0.3294316979545692,-2.5893286594418323,15.6438433699722,-4.206316036681178,16.19947313910747,0,0,0,0,0,5,5,1,1
119,2013,7,5,9,41458.375,61.98190514986989,-74.78545903768855,240,327,994.3739864670935,1004.3739864670935,10.0,11.187847564060032,7.658259248006362,853.5407149065303,2288750,0.3661924154162989,2.8738757776683475,9.831023139060132,6.073093677189848,11.555582320794528,0,0,0,0,0,6,6,1,1
119,2013,7,5,12,41458.5,62.20487757455022,-74.6630886622641,241,327,995.2747711292919,1005.2747711292919,10.0,10.474145992295488,9.138127272748315,887.9266857919501,2476875,0.9007846621984208,7.054796909124618,2.115027008707578,8.264467468696134,8.530812492881273,0,0,0,0,0,7,7,1,1
119,2013,7,5,15,41458.625,62.36515061085355,-74.0868108295316,242,326,996.3217717177507,1004.0481485430614,7.726376825310727,9.539185314140813,9.43402109884868,728.2745690011022,1666250,1.047000588458759,8.187894596065856,9.907354079826632,5.940516171616692,11.551856874472469,0,0,0,0,0,9,7,2,0
119,2013,7,5,18,41458.75,62.300939525377196,-73.63686324912524,242,325,998.0885027940333,1004.6502349928556,6.561732198822429,7.6531953353462825,5.8026151616801505,781.0002044812081,1916250,1.7667310762825945,13.824547883796308,7.752050673848699,-2.3799823131036706,8.109167988185,0,0,0,0,0,7,6,2,0
119,2013,7,5,21,41458.875,55.09537040945418,-60.509970873765646,226,284,997.1968317902388,1003.1968317902388,6.0,10.770964101353849,12.212955574293373,586.3230142835039,1080000,0.5465967973830993,4.617616925445253,71.30512235539537,-60.09507552878763,93.25148029349772,0,0,0,0,2,5,5,1,1
119,2013,7,6,0,41459.0,54.903972592376306,-58.52639459405502,228,279,999.0743601609445,1001.0743601609445,2.0,9.054267481050722,8.410900652404017,205.8518972422094,133125,1.8775283707056951,15.898391262475723,42.26949587742552,-7.094155409967807,42.86067338146321,0,0,0,0,0,3,3,1,1
119,2013,7,6,3,41459.125,54.199737001142836,-54.84372339069437,231,269,998.9901276401347,1002.9901276401347,4.0,9.822618141075804,3.455567496753647,320.39809346229345,322500,-0.08423252080974634,-0.7195265540030129,79.83708771858069,-26.10247496923114,83.99583189006277,0,0,0,0,0,4,4,1,1
119,2013,7,6,6,41459.25,53.696704595181366,-53.16606956820933,232,264,998.8005558789871,1002.8005558789871,4.0,10.259836666991966,3.2814027922701645,351.7711873561401,388750,-0.18957176114767207,-1.6297320884295101,36.814708777470656,-18.644883826907144,41.266868978501854,0,0,0,0,0,2,2,1,1
119,2013,7,6,9,41459.375,53.64035667945857,-51.87302993834147,234,261,999.7623407508388,1005.7623407508388,6.0,9.683910101521873,2.3731326242445356,521.6847253726536,855000,0.9617848718517052,8.27436392515437,28.412910568168908,-2.088534118456718,28.489567594449763,0,0,0,0,0,2,2,1,1
119,2013,7,6,12,41459.5,53.77690673935412,-49.84830476839488,238,257,1000.5619907230337,1006.5619907230337,6.0,9.138832647028353,2.9321170423348666,565.7741415914787,1005625,0.7996499721948931,6.867466289937031,44.3457259501952,5.061224631131747,44.6336129482769,0,0,0,0,0,2,2,1,1
119,2013,7,6,15,41459.625,52.825689377038195,-48.731396999160445,237,252,1000.4927167549461,1004.4927167549461,4.0,9.465187395639648,3.5896913652006335,410.2515719892848,528750,-0.06927396808765479,-0.6023388255472492,25.01425165166848,-35.25684827524963,43.229135267744745,0,0,0,0,0,3,3,1,1
119,2013,7,6,18,41459.75,53.40833633651975,-45.504795568555835,245,247,1000.7295472316832,1004.7295472316832,4.0,9.565724131037637,2.7699887955986924,415.0725549792189,541250,0.23683047673723195,2.043593298695782,71.28481633985389,21.59579530640873,74.48424944592652,0,0,0,0,0,1,1,1,1
119,2013,7,6,21,41459.875,54.07827935349103,-45.0,248,248,1001.4914361739944,1005.4914361739944,4.0,8.384954609017305,1.4610432552095154,425.72020323904735,569375,0.7618889423111977,6.518147312687679,10.97688637612154,24.83142154271841,27.149429650481842,0,0,0,0,0,1,1,1,1
119,2013,7,7,0,41460.0,54.06480579775103,-43.45878135627612,251,245,1002.2326177143011,1006.2326177143011,4.0,8.623310983766183,1.620101171195056,447.14471623758845,628125,0.7411815403067158,6.342071017092008,33.52441147967561,-0.4993970140501066,33.52813091176196,0,0,0,0,0,0,0,1,1
119,2013,7,7,3,41460.125,55.51192476862021,-41.52368725079886,259,246,1002.3797646414308,1006.3797646414308,4.0,8.637723990187043,2.3654201028158424,473.08734787878007,703125,0.14714692712965188,1.2368470355320809,40.61142852338099,53.6374292705828,67.27749954826245,0,0,0,0,0,0,0,1,1
119,2013,7,7,6,41460.25,56.42983706901898,-39.78073547201178,265,246,1002.6785833518757,1004.6785833518757,2.0,8.781895149844091,2.365477445834331,321.32813342573525,324375,0.29881871044490255,2.484701901485288,35.72147593910629,34.02239696965988,49.330997748163085,0,0,0,0,0,0,0,1,1
119,2013,7,7,9,41460.375,56.75993322540444,-39.73034691730821,266,247,1003.9019597724125,1005.9019597724125,2.0,7.602665429474859,2.804442972748584,331.9861414142728,346250,1.223376420536806,10.133896450178419,1.023749331110605,12.23500596497731,12.27776175269661,0,0,0,0,0,0,0,1,1
119,2013,7,7,12,41460.5,57.3117142299297,-37.944813938903316,271,246,1004.6117895469541,1006.6117895469541,2.0,8.48359903773122,2.141087870021729,352.0538480585229,389375,0.7098297745415766,5.8432996158217305,35.7410906098457,20.451749440682146,41.17887338388027,0,0,0,0,0,0,0,1,1
119,2013,7,7,15,41460.625,59.85760637030299,-34.58617452901078,284,250,1005.8825074233582,1005.8825074233582,0.0,9.215909966813825,2.577490153392282,14.104739588693906,625,1.2707178764040874,10.180381782933736,62.5049902606875,94.36342993125572,113.18714907567752,0,0,0,0,0,1,1,1,1
119,2013,7,7,18,41460.75,60.441015284727335,-33.750955685325685,287,251,1006.6601694528384,1006.6601694528384,0.0,8.631922059314494,2.3447261657444325,14.104739588693906,625,0.7776620294802705,6.193954291146318,15.271764150780593,21.624037147732334,26.47311396197235,0,0,0,0,0,1,1,1,1
119,2013,7,7,21,41460.875,62.1447582056502,-31.043555616288252,296,254,1007.1406203529618,1009.1406203529618,2.0,9.861958226503035,3.169210973683221,204.88317705582224,131875,0.4804509001233964,3.7648966797734884,46.88392105969377,63.14918970440125,78.65063390878711,0,0,0,0,0,2,2,1,1
119,2013,7,8,0,41461.0,62.924277671131435,-29.240477833107136,301,255,1007.1686742190587,1011.1686742190587,4.0,12.357041535105525,3.575513307614383,274.22747967867946,236250,0.028053866096888667,0.2182857484751744,30.41833019855479,28.89286992739717,41.953220909839594,0,0,0,0,0,1,1,1,1
119,2013,7,8,3,41461.125,63.56700479535821,-27.769947286060248,305,256,1007.6056029455591,1011.6056029455591,4.0,12.49330640067229,3.425807423199949,266.8741970172897,223750,0.43692872650033676,3.3805485812268445,24.262496676145773,23.822665143621347,34.00276635077058,0,0,0,0,0,2,2,1,1
119,2013,7,8,6,41461.25,64.59792907821225,-25.53998756471391,311,258,1008.060118092687,1012.060118092687,4.0,12.917347094454898,7.02638839196843,244.30125595145995,187500,0.4545151471279678,3.4860005836719417,35.453820855340616,38.21118333601614,52.1255018698259,0,0,0,0,0,2,2,1,1
119,2013,7,8,9,41461.375,64.58362913878938,-24.40182553836706,313,257,1009.7056117451443,1011.7056117451443,2.0,12.114471046357124,5.646370873331689,150.59740831300877,71250,1.645493652457226,12.621959876789683,18.105679937255545,-0.5300269050486617,18.113436297688338,0,0,0,3,0,3,3,1,1
119,2013,7,8,12,41461.5,64.46746371150232,-23.730940160771482,314,256,1012.4152719910666,1012.4152719910666,0.0,9.300775483975785,5.17523062802109,14.104739588693906,625,2.7096602459222776,20.804866239344474,10.717933253116652,-4.305668721939409,11.550449184397594,0,0,0,0,0,4,4,1,1
119,2013,7,8,15,41461.625,65.17202626757884,-14.478429238377414,332,253,,,,13.868649216234967,,0.0,0,-2.0160696439088497,,143.87168560231115,26.1145939131438,146.2225493325112,0,3,3,0,0,3,3,0,0
138,2013,7,6,12,41459.5,57.233777914315496,-69.93206117480504,224,310,1000.8382255643367,1002.8382255643367,2.0,8.253943234371333,4.475349011973158,183.3616146530208,105625,,,,,,3,0,0,0,0,7,7,1,1
138,2013,7,6,15,41459.625,57.50727625602251,-68.90499197479886,226,308,998.7451294243122,1000.7451294243122,2.0,10.118666280581733,5.0590423944038045,168.66815371514653,89375,-2.093096140024427,-17.192754911477856,20.449807573119514,10.137209347839892,22.824496558293433,0,0,0,0,0,7,7,1,1
138,2013,7,6,18,41459.75,57.68089173338276,-67.48850305475342,228,305,997.0363264051365,1001.0363264051365,4.0,11.50768251252757,7.144770466952541,278.90317035875347,244375,-1.7088030191756842,-14.009187845821982,28.068923108692772,6.4350534231443515,28.79712411058488,0,0,0,0,0,7,7,1,1
138,2013,7,6,21,41459.875,58.260114373052595,-65.72555886556054,232,302,994.8457775711577,1006.8457775711577,12.0,13.440211034480262,15.274643948763334,957.1497485622208,2878125,-2.190548833978828,-17.845440510438742,34.37386058515645,21.468872976318575,40.52745733945166,0,0,2,0,0,6,6,1,2
138,2013,7,7,0,41460.0,58.17679582019608,-64.4400348281762,233,299,993.4487352766815,999.4487352766815,6.0,14.510633624886664,13.893865393481244,306.10859632710964,294375,-1.3970422944761232,-11.391349585610932,25.12436377701097,-3.0882001243371198,25.313447714753053,0,0,0,2,0,3,3,1,1
138,2013,7,7,3,41460.125,58.1784602915582,-62.612577842923834,235,295,991.7844948575887,999.7844948575887,8.0,16.05586990434526,11.690546045874216,377.4171088692805,447500,-1.664240419092821,-13.569812966076165,35.71371178618146,0.061693590337793834,35.713765072385264,0,0,0,0,0,2,2,1,1
138,2013,7,7,6,41460.25,58.46423261062965,-60.94539590092286,238,292,991.0710058820675,1005.0710058820675,14.0,16.32112850503401,5.418671669881951,793.6344796480151,1978750,-0.7134889755211771,-5.799737709297907,32.3193629747661,10.592144018731622,34.01080325438131,0,0,0,0,0,3,3,1,1
138,2013,7,7,9,41460.375,59.91006296410001,-60.44244660006957,244,294,990.1622088964318,1006.1622088964318,16.0,17.858648032868338,10.307930406486411,877.332943373369,2418125,-0.9087969856357085,-7.276979721017178,9.34620943788865,53.5896666982043,54.398566228178346,0,0,0,0,0,4,4,1,1
138,2013,7,7,12,41460.5,60.744729605681194,-60.55768601753061,247,296,990.3271150694443,1006.3271150694443,16.0,18.79401557698837,10.547002370486517,819.532708223289,2110000,0.1649061730124231,1.3095330346966572,-2.0874130079841917,30.93689866109341,31.00724095808372,0,0,0,0,0,4,4,1,1
138,2013,7,7,15,41460.625,61.17297451013773,-61.12021085659193,248,298,989.5882443507139,1005.5882443507139,16.0,19.955502336135805,11.016697689702632,773.8349135204847,1881250,-0.7388707187303225,-5.8431311236450725,-10.053135377401452,15.872886912316918,18.7886686555371,0,0,0,0,0,4,4,1,1
138,2013,7,7,18,41460.75,61.59785790991397,-61.69924423399363,249,300,989.500064687135,1005.500064687135,16.0,20.64830682499205,13.120622549560357,743.147127108002,1735000,-0.08817966357892146,-0.6945261998308933,-10.208451420111627,15.74829282353658,18.76755730649657,0,0,0,0,0,4,4,1,1
138,2013,7,7,21,41460.875,61.70683605126831,-62.10272896905237,249,301,990.5813372904465,1006.5813372904465,16.0,20.267101750441032,12.667860341653139,767.3807981960539,1850000,1.0812726033115176,8.507652284054153,-7.088478688335125,4.039272144585062,8.15856908857197,0,0,0,0,0,5,5,1,1
138,2013,7,8,0,41461.0,61.403017560293506,-62.927919762007235,247,302,991.5310158497073,1007.5310158497073,16.0,19.979257277398762,14.580704936704205,758.6462040741169,1808125,0.9496785592607921,7.493741144025686,-14.639602493357064,-11.261024939067743,18.469668211470722,0,0,0,0,0,4,4,1,1
138,2013,7,8,3,41461.125,61.19663183098899,-63.13286491107403,246,302,993.3096891033358,1009.3096891033358,16.0,19.0230693919873,14.767071489103548,908.0867518551754,2590625,1.7786732536285126,14.062894129724295,-3.6599289548023997,-7.649682010166421,8.480136485391302,0,0,0,0,0,4,4,1,1
138,2013,7,8,6,41461.25,60.98977235909398,-63.33495629003525,245,302,995.7385652724993,1009.7385652724993,14.0,17.281160823327593,13.656598789698837,850.9729672957443,2275000,2.4288761691634138,19.24197806221744,-3.6326402449216317,-7.667241267698973,8.484259767718717,0,0,0,0,0,5,5,1,1
138,2013,7,8,9,41461.375,60.678384760098794,-63.13808215559732,244,301,998.4878840061344,1010.4878840061344,12.0,15.402124933429652,13.187033164560564,845.9316833391066,2248125,2.749318733635155,21.846743487970812,3.5734889322315224,-11.541573742765266,12.082125127992585,0,0,0,0,0,7,7,1,1
138,2013,7,8,12,41461.5,60.36641377396805,-62.94525322979278,243,300,1002.3836374380425,1012.3836374380425,10.0,12.479144096361034,10.224398837919653,939.6339961933526,2773750,3.895753431908088,31.052012097953696,3.533942007521165,-11.563196972679679,12.09116497040344,0,0,0,0,0,7,7,1,1
138,2013,7,8,15,41461.625,59.71638203698107,-58.1537081944769,246,289,1004.0440183334454,1012.0440183334454,8.0,10.376311506127688,2.678408085537449,854.3561071094448,2293125,1.6603808954029227,13.321281406352632,89.5400394611945,-24.09341043696742,92.724921640282,0,0,0,0,0,6,6,1,1
138,2013,7,8,18,41461.75,59.789535352080776,-57.56177420695957,247,288,1005.4936049306498,1011.4936049306498,6.0,8.920319844094474,2.4577360623230926,733.0394782097426,1688125,1.4495865972043247,11.621417612667782,11.039693528407932,2.7114258354395115,11.36779060601755,0,0,0,0,0,6,6,1,1
138,2013,7,8,21,41461.875,59.7320443647199,-56.60741567579495,248,286,1006.9868892418125,1008.7084702894371,1.7215810476246407,7.814424750484968,1.0840309224253724,299.2067103010745,281250,1.4932843111627152,11.978749173089021,17.82955712291481,-2.130902040772169,17.956443152992446,0,0,0,1,0,6,7,2,0
138,2013,7,9,0,41462.0,62.49398457076993,-55.72196905939098,259,291,1007.1519323162246,1009.1519323162246,2.0,7.757502499774881,4.569815925593357,279.615567867552,245625,0.16504307441209676,1.2891775638587455,15.157091722675219,102.37124620279718,103.48724307180719,0,0,1,0,0,7,7,1,1
138,2013,7,9,3,41462.125,62.75141190134792,-56.507730696912844,259,293,1007.2717356404257,1013.2717356404257,6.0,7.501879626820648,5.225245335997824,688.9699687007974,1491250,0.11980332420120249,0.9336279415217141,-13.334507274188402,9.54153771330794,16.396646796825905,0,0,2,0,0,7,7,1,2
138,2013,7,9,6,41462.25,60.067929207225156,-52.99998347221897,254,280,1008.177577582225,1010.177577582225,2.0,7.529833004387016,0.8888384914851486,391.3906395482003,481250,0.9058419417992991,7.241783626155564,64.8661351159711,-99.46322044164128,118.74572710420341,0,0,0,2,0,5,5,1,1
138,2013,7,9,9,41462.375,60.067929207225156,-52.99998347221897,254,280,,,,7.529833004387016,,0.0,0,0.0,,0.0,0.0,0.0,0,3,0,0,0,5,5,0,0
139,2013,7,6,12,41459.5,68.6899742327251,81.18477897677684,453,345,1002.7082030048311,1004.7082030048311,2.0,7.829916906578476,6.213180590137199,274.22747967867946,236250,,,,,,3,0,0,0,0,10,10,1,1
139,2013,7,6,15,41459.625,68.0764972402612,82.61936364115918,456,347,1001.9120291544724,1003.9120291544724,2.0,8.342665248265916,4.561729823238711,249.93662229367052,196250,-0.7961738503587549,-5.946053980832622,19.852611301562483,-22.738509725049305,30.185526333113497,0,0,0,0,0,12,12,1,1
139,2013,7,6,18,41459.75,67.65103772932714,83.3407927338632,458,348,1001.0065592678307,1003.0065592678307,2.0,9.241327638705025,4.507303226063013,270.20793871277544,229375,-0.905469886641804,-6.782766086289733,10.167643849889531,-15.769646369514085,18.76333467371206,0,0,0,0,0,12,12,1,1
139,2013,7,6,21,41459.875,67.69947088221254,84.49105030178394,458,350,1000.5380237576375,1004.5380237576375,4.0,9.738174584771826,4.49167558516885,429.4424179185537,579375,-0.4685355101931782,-3.508525111111216,16.177967548566297,1.7951736274186452,16.277262741476026,0,0,0,0,0,9,9,1,1
139,2013,7,7,0,41460.0,67.69947088221254,84.49105030178394,458,350,1000.7416481596363,1002.7416481596363,2.0,9.750176067815149,3.5792590791190015,295.5271138519739,274375,0.2036244019988226,1.5247965460575579,0.0,0.0,0.0,0,0,0,0,0,6,6,1,1
139,2013,7,7,3,41460.125,67.51091005728487,85.68937417517948,459,352,999.9236015463172,1003.9236015463172,4.0,9.895892564392872,3.8528730475592603,500.8672269659895,788125,-0.8180466133190203,-6.134074960030433,16.98912967213262,-6.989002365289662,18.370538399256606,0,0,0,0,0,4,4,1,1
139,2013,7,7,6,41460.25,64.76805936329313,86.15182053907495,471,352,999.3440171577438,1003.3440171577438,4.0,9.38083778640671,5.235623129095547,512.0622703772439,823750,-0.5795843885734212,-4.439005977662432,7.306725407793577,-101.66369390512966,101.92592847073209,0,0,0,0,0,5,5,1,1
139,2013,7,7,9,41460.375,64.10580907573848,87.2499148250876,474,354,999.1544293046462,1003.1544293046462,4.0,8.87451376169156,3.412902051077981,544.998084900534,933125,-0.1895878530976188,-1.460093561164749,17.774266446826577,-24.546290714992857,30.305856456924783,0,0,0,0,0,6,6,1,1
139,2013,7,7,12,41460.5,64.12990748185543,88.74919918523459,474,357,998.7962956397121,1002.7962956397121,4.0,9.279353638018277,2.738003874598653,510.8953969950291,820000,-0.35813366493413923,-2.757570969066839,24.246828169199585,0.893206833475219,24.263274608223377,0,0,0,1,0,6,6,1,2
139,2013,7,7,15,41460.625,64.36394052753805,90.75716886505853,473,361,997.578729977798,1003.578729977798,6.0,10.636006774285145,4.538482613507658,648.9713153575649,1323125,-1.2175656619139772,-9.356602443051555,32.19902795072559,8.674429115693725,33.34701068244053,0,0,0,0,0,7,7,1,2
139,2013,7,7,18,41460.75,62.75141190134792,89.28681136498241,480,358,995.5934178777637,1003.5934178777637,8.0,12.63301950010996,4.333357676729574,658.1036308126709,1360625,-1.9853121000343525,-15.471547735355909,-24.95182769326159,-59.768334100487245,64.76764212461097,0,0,1,0,0,6,6,1,1
139,2013,7,7,21,41460.875,63.445156675435406,89.75618964389591,477,359,993.6625045564011,1003.6625045564011,10.0,14.827187650420981,5.258081455890351,688.9699687007974,1491250,-1.9309133213626046,-14.955458273595843,7.777606190807855,25.713633088234634,26.86414124173054,0,0,0,0,0,8,8,1,1
139,2013,7,8,0,41461.0,64.82363329378298,90.770748745392,471,361,992.2735864020839,1004.2735864020839,12.0,16.542189945341804,2.7133331166568677,736.6942078931822,1705000,-1.3889181543172162,-10.632795131106196,15.997056073074186,51.0932021527992,53.538968137534034,0,0,0,0,0,7,7,1,1
139,2013,7,8,3,41461.125,65.51234793238899,90.79205709216241,468,361,990.9611529660136,1002.9611529660136,12.0,17.389300638531825,3.2443958846062015,692.1389879977901,1505000,-1.3124334360702778,-9.991538228781607,0.32736707249672226,25.527191239609945,25.529290271838224,0,0,0,0,0,7,7,1,1
139,2013,7,8,6,41461.25,65.73743827839152,91.33221985386963,467,362,990.2944126142626,1002.2944126142626,12.0,17.72942719932675,5.619119629444612,678.2018766824356,1445000,-0.6667403517510684,-5.066858244133922,8.227027908917652,8.342968170716075,11.717043403166665,0,0,0,0,0,8,8,1,1
139,2013,7,8,9,41461.375,66.20227122332705,89.72845805431548,465,359,990.0019831228769,1002.0019831228769,12.0,18.224349058142106,4.665987007893273,690.1240230585346,1496250,-0.2924294913855556,-2.214278507076425,-23.98528966276881,17.229021738027118,29.531903261664922,0,0,0,0,0,10,10,1,1
139,2013,7,8,12,41461.5,66.66029193798641,89.72321094782224,463,359,989.4468307446305,1003.4468307446305,14.0,18.57314482586299,7.893280626768756,842.04232166465,2227500,-0.5551523782465665,-4.188984591684049,-0.0770509953756773,16.97652658941186,16.97670144335749,0,0,0,0,0,11,11,1,1
139,2013,7,8,15,41461.625,66.65808036033987,89.169684513742,463,358,989.0294651934815,1003.0294651934815,14.0,19.048242653007446,8.579553406953492,770.7436831336987,1866250,-0.41736555114883234,-3.149346111258576,-8.12894462655047,-0.08197207139199647,8.129357918188377,0,0,0,0,0,8,8,1,1
139,2013,7,8,18,41461.75,66.88691785556202,89.16158502559789,462,358,988.8729281939985,1002.8729281939985,14.0,19.1470867190267,8.456882092371162,761.0026604261211,1819375,-0.15653699948306893,-1.1791698803230373,-0.11784552451579473,8.481856164917275,8.482674788649721,0,0,0,0,0,9,9,1,1
139,2013,7,8,21,41461.875,66.88245412317008,88.60281897270363,462,357,988.9841786317779,1002.9841786317779,14.0,18.643305630652698,7.695208424165903,798.632227274088,2003750,0.11125043777938118,0.8380608313926416,-8.131362877037137,-0.16544813196082883,8.133045882228071,0,0,0,0,0,10,10,1,1
139,2013,7,9,0,41462.0,66.87576004521074,88.0443186024771,462,356,989.5963961474393,1003.5963961474393,14.0,17.811052825280687,7.342893211549235,839.6763649746825,2215000,0.6122175156614685,4.612126706098964,-8.12972087865691,-0.24811583588077543,8.133506195539836,0,0,0,0,0,11,11,1,1
139,2013,7,9,3,41462.125,66.86683744396778,87.48618976382227,462,355,990.3522815007641,1002.3522815007641,12.0,16.573230760449192,8.087293434518505,788.6050596664854,1953750,0.755885353324702,5.694823873234842,-8.127275401075488,-0.33071599689603864,8.134001384037852,0,0,0,0,0,11,11,1,1
139,2013,7,9,6,41462.25,66.85568874504463,86.92853788292962,462,354,991.5953673322958,1001.5953673322958,10.0,14.79514434220668,8.052935965169091,770.0981149802764,1863125,1.2430858315317892,9.366160497909,-8.12402848718087,-0.41322625298102994,8.134531012706207,0,0,0,0,0,9,9,1,1
139,2013,7,9,9,41462.375,67.05489783700902,85.77400182204154,461,352,992.3400534302514,1002.3400534302514,10.0,13.568593860170788,7.88703159308723,853.8902640502148,2290625,0.7446860979555641,5.6026228189146705,-16.682509457820334,7.383680122636588,18.243487987873472,0,0,0,0,0,8,8,1,1
139,2013,7,9,12,41462.5,66.7889023807835,84.7047870633829,462,350,994.0825312848689,1002.0825312848689,8.0,11.725574372228856,8.232256766143182,790.4948420543642,1963125,1.742477854617464,13.135435751248673,-15.61894646441672,-9.85911508092748,18.470344848900012,0,0,0,0,0,9,9,1,1
139,2013,7,9,15,41462.625,66.28710884176884,83.71999287430022,464,348,995.0429347784899,1001.0429347784899,6.0,10.617590047162036,7.236838717588762,619.6461088469753,1206250,0.9604034936209791,7.267445496584997,-14.679013630052852,-18.598965253816512,23.693774491708815,0,0,0,0,0,8,8,1,1
139,2013,7,9,18,41462.75,65.6034241810781,83.89390615271574,467,348,995.5987764051852,1001.5987764051852,6.0,9.977858557332862,6.211151600444719,634.2429492432418,1263750,0.5558416266953281,4.228558751642236,2.6625572337299257,-25.34075523117188,25.48024895304307,0,0,0,0,0,7,7,1,1
139,2013,7,9,21,41462.875,65.14699023019789,84.00461319592453,469,348,995.9252776533484,1001.9252776533484,6.0,9.687717387871192,5.583107071789345,626.1932537505152,1231875,0.32650124816325843,2.492940695334065,1.7246056479090905,-16.91771322873736,17.005389896459153,0,0,0,0,0,6,6,1,1
139,2013,7,10,0,41463.0,64.71259902666557,84.62029840087459,471,349,996.8473655766539,1000.8473655766539,4.0,9.046285477266245,5.843037894968293,248.33956681952523,193750,0.9220879233055166,7.065448525408359,9.747883709244705,-16.100699337272438,18.821630002691144,0,0,0,0,0,6,6,1,1
139,2013,7,10,3,41463.125,64.48373800623408,84.66784111834045,472,349,998.2270416652281,1002.2270416652281,4.0,7.520973656693703,5.363398759248084,562.7773420748846,995000,1.3796760885740513,10.59176466939603,0.7590849715270418,-8.482728126226503,8.516624123293948,0,0,0,0,0,7,7,1,1
139,2013,7,10,6,41463.25,64.48373800623408,84.66784111834045,472,349,,,,7.520973656693703,,0.0,0,0.0,,0.0,0.0,0.0,0,3,0,0,0,7,7,0,0
149,2013,7,4,18,41457.75,58.24677034981292,123.6332828275123,476,437,987.2323102619293,989.2323102619293,2.0,12.445903842445441,6.515562473622703,182.27340554900803,104375,-1.5239682543012896,-12.416890076890654,2.163393065364582,19.208410856296528,19.329855591275322,2,0,0,2,0,14,14,1,1
149,2013,7,4,21,41457.875,58.69485874562477,124.66889515566031,473,438,986.3246746957176,990.3246746957176,4.0,13.40428127379287,7.983143675764513,333.18249174678584,348750,-0.9076355662118294,-7.359777392341957,19.944457634707504,16.608385434192474,25.954187659669472,0,0,0,0,0,18,18,1,1
149,2013,7,5,0,41458.0,59.55669370388732,126.82723512244552,467,440,986.4934610434663,994.4934610434663,8.0,13.201436300545694,2.4107862446182846,805.9473379159446,2040625,0.1687863477486826,1.3563903817409184,40.53246291539115,31.9438916545735,51.607099938154725,0,0,2,0,0,9,9,1,2
149,2013,7,5,3,41458.125,59.60174662142866,127.42532031684216,466,441,985.1378208676226,995.1378208676226,10.0,13.659116282284378,4.495471008638342,911.4761669619747,2610000,-1.3556401758435823,-10.889082699964595,11.217142355687344,1.669885287044104,11.340758330007803,0,0,0,0,0,11,11,1,3
149,2013,7,5,6,41458.25,60.94639338452072,127.71833119246494,461,438,984.1218220214581,998.1218220214581,14.0,15.085279117801289,9.389781853102322,1277.3163705091986,5125625,-1.0159988461645844,-8.052302029835387,5.274126699527239,49.839299394954814,50.11758350741394,0,0,0,0,0,9,9,1,2
149,2013,7,5,9,41458.375,61.63660299438644,128.19574043739158,458,437,985.3570363872803,997.3570363872803,12.0,14.117992555255848,5.200785910423001,1140.7412517548005,4088125,1.2352143658223214,9.72531888290809,8.40628295660626,25.58260231279651,26.92833329861375,0,0,0,0,0,11,11,1,3
149,2013,7,5,12,41458.5,62.467414775334056,128.32904732574613,455,435,986.2195501944897,998.2195501944897,12.0,13.952839805890655,5.352654040937851,1080.7397182558097,3669375,0.862513807209325,6.738859717781022,2.283999315897782,30.79401834596815,30.87860454694876,0,0,0,0,0,12,12,1,2
149,2013,7,5,15,41458.625,62.79165699365586,128.25082521043035,454,434,986.3252866858867,998.2296005859351,11.904313900048438,13.605105308023075,7.6642429653077855,1029.6459899746553,3330625,0.10573649139696499,0.8237072719338309,-1.3256397762038847,12.01802989378747,12.09092069878151,0,0,0,0,0,14,15,2,0
149,2013,7,5,18,41458.75,63.43927388094926,128.08877288097534,452,432,986.1784993530387,998.094096217191,11.915596864152322,13.761409326144586,7.6813165970982675,992.9576388015208,3097500,-0.14678733284803458,-1.1369668815217573,-2.6857668265953776,24.00390409212222,24.15369030004819,0,0,0,0,0,11,12,2,0
149,2013,7,5,21,41458.875,63.9037976286623,127.61395684873274,451,430,986.5362405094872,998.8949994396497,12.35875893016244,13.813142067679557,7.523187373117762,1008.0695966260224,3192500,0.35774115644861015,2.7598517369682556,-7.7414436644404026,17.217561350535806,18.87788041251371,0,0,0,0,0,12,13,2,0
149,2013,7,6,0,41459.0,65.19290762275128,127.23483398157467,447,426,987.5510343048456,998.4772106956395,10.926176390793843,13.193065114614779,9.959437544957618,969.1300779157808,2950625,1.0147937953584187,7.745400197736246,-5.895786209754935,47.78083040983049,48.14320356690152,0,0,0,0,0,12,15,2,0
149,2013,7,6,3,41459.125,65.37527192921603,127.55258314980483,446,426,987.9786966215657,998.2919860963849,10.313289474819175,12.127043855647722,11.144185653327877,991.9553597141572,3091250,0.4276623167200887,3.25934844501224,4.907306842866376,6.759328559977856,8.352854783352544,0,0,0,0,0,11,14,2,0
149,2013,7,6,6,41459.25,60.43034751515475,130.33945451741968,459,444,984.060269556105,996.060269556105,12.0,14.717544470702407,9.616746305870912,803.8464212479241,2030000,-0.23171654027988553,-1.8457802967128407,-11.638747003299162,90.78768184149493,91.53067030214142,0,0,0,0,2,9,9,1,1
149,2013,7,6,9,41459.375,61.20209372015812,129.25771672219588,458,440,983.9199354206298,993.9199354206298,10.0,15.391252652537359,10.101269465471415,533.934726172926,895625,-0.14033413547527743,-1.109479023501516,-19.314209375581417,28.604754217855177,34.51478882548321,0,0,0,0,0,14,14,1,1
149,2013,7,6,12,41459.5,62.03235299708072,129.4198466588042,455,438,984.8951269781478,992.8951269781478,8.0,15.599411315698282,11.018186259115318,432.90292848478947,588750,0.9751915575179737,7.649716167342945,2.8182179785084904,30.773539797791212,30.902315516165256,0,0,0,0,0,17,17,1,1
149,2013,7,6,15,41459.625,64.22650981578926,127.5226696933392,450,429,985.365863492721,993.365863492721,8.0,15.897188447232503,9.896418378717426,425.48648364787215,568750,0.4707365145732183,3.621638677995777,-30.574508193292985,81.32636883431813,86.8837085939435,0,0,0,0,0,18,18,1,1
149,2013,7,6,18,41459.75,64.54893178732105,127.42911109916571,449,428,985.877734118429,993.877734118429,8.0,15.650132411740588,7.1810701612822605,423.37720139049424,563125,0.5118706257079612,3.9274970155326865,-1.490229855994648,11.950562491023652,12.043119565775275,0,0,0,0,0,17,17,1,1
149,2013,7,6,21,41459.875,65.19290762275128,127.23483398157467,447,426,987.1322709966864,993.1322709966864,6.0,14.876925644699027,12.760681306355693,334.96900584947593,352500,1.254536878257495,9.57523610152846,-3.021230634280003,23.868948593844408,24.059396117132675,0,0,0,0,0,14,14,1,1
149,2013,7,7,0,41460.0,65.33113782379289,126.8174770021786,447,425,988.844923818738,998.844923818738,10.0,12.958736752292168,9.474198493985169,827.6249671993618,2151875,1.7126528220516049,13.057277460953467,-6.456471588600958,5.123499021627942,8.242346000929217,0,0,2,0,0,10,10,1,2
149,2013,7,7,3,41460.125,65.69694856917458,127.45507096124317,445,425,989.5922392171822,997.5922392171822,8.0,11.435634089164397,15.35359254424089,733.9887481195237,1692500,0.7473153984441887,5.68099501463006,9.726179177631105,13.558766332836152,16.68648272895867,0,0,0,0,0,9,9,1,3
149,2013,7,7,6,41460.25,65.73743827839151,128.20211749971367,444,426,990.8108641886458,998.2555185882412,7.444654399595456,10.108549356748599,14.463200356131129,759.1704931512592,1810625,1.2186249714635777,9.260876392063667,11.377969551142,1.500750082078943,11.476516976660402,0,0,0,0,0,9,11,2,0
149,2013,7,7,9,41460.375,66.10905981768332,143.833414651219,422,445,990.8895871078468,996.8895871078468,6.0,10.692247474937927,11.834453421880317,628.0965810996232,1239375,0.6340685196054983,4.804625453749235,9.732901563035238,-13.65237725081076,16.766537431270326,0,0,0,0,2,10,10,1,2
149,2013,7,7,12,41460.5,66.10905981768332,143.833414651219,422,445,990.8446912040246,996.8446912040246,6.0,11.219259471216695,11.988108482999596,577.0890038978312,1046250,-0.04489590382218012,-0.34019667528571257,0.0,0.0,0.0,0,0,0,0,0,11,11,1,2
149,2013,7,7,15,41460.625,66.10905981768332,143.833414651219,422,445,990.9914541340689,996.9914541340689,6.0,10.986899548899105,10.736630317771924,559.7644988851731,984375,0.14676293004435137,1.1120894470468747,0.0,0.0,0.0,0,0,0,0,0,12,12,1,2
149,2013,7,7,18,41460.75,66.10905981768332,143.833414651219,422,445,991.3860856607638,995.3860856607638,4.0,10.650303118075447,8.162682142705016,425.2526356040208,568125,0.3946315266948659,2.9903024978905326,0.0,0.0,0.0,0,0,0,0,0,11,11,1,2
149,2013,7,7,21,41460.875,66.66029193798641,142.85331330197823,422,442,991.680885069106,995.680885069106,4.0,10.913228231469049,5.734783026545992,418.88939442150433,551250,0.2947994083422236,2.2244526504301008,-14.392124198361536,20.431405060408668,24.99150959193055,0,0,0,0,0,12,12,1,2
149,2013,7,8,0,41461.0,66.47739615269755,143.18503597060547,422,443,990.742739926756,996.742739926756,6.0,11.66947198370724,10.953112526615877,510.1159985290099,817500,-0.9381451423499675,-7.088713189594784,4.90717865709496,-6.779027809597911,8.368728721612987,0,0,0,0,0,11,11,1,2
149,2013,7,8,3,41461.125,67.65103772932714,145.26830579801023,416,441,990.0316029028653,996.0316029028653,6.0,13.21804711462855,7.594374763937521,477.48241431401436,716250,-0.7111370238907694,-5.327041969601632,29.359873953208854,43.500996340110895,52.48179571175755,0,0,1,0,0,11,11,1,1
149,2013,7,8,6,41461.25,67.83840259768954,144.93638994342834,416,440,990.043459488345,996.043459488345,6.0,13.427137480266778,9.569198866856969,481.21766613322467,727500,0.011856585479690693,0.088697482256348,-4.640727435940326,6.944674264441128,8.352535649363023,0,0,0,0,0,12,12,1,1
149,2013,7,8,9,41461.375,66.68020500945022,148.84620841182652,413,448,991.101431352852,997.101431352852,6.0,12.209537802752978,6.412220539512418,515.5470443746771,835000,1.057971864507126,7.98188707520435,57.35799045264494,-42.92856528805889,71.64356765583943,0,0,0,0,0,15,15,1,1
149,2013,7,8,12,41461.5,66.75557690520205,148.0829906748111,414,447,992.268297030653,998.268297030653,6.0,11.367959767327887,9.15848137953828,513.8076117124788,829375,1.1668656778009607,8.798456546207788,-11.164169897781884,2.7936574730623995,11.508397437668572,0,0,0,0,0,15,15,1,1
149,2013,7,8,15,41461.625,66.68020500945022,148.84620841182652,413,448,992.940811245472,996.940811245472,4.0,11.053257230338199,5.481711343350253,335.5623969361227,353750,0.6725142148189479,5.073795153952703,11.198352838936444,-2.7936574730623995,11.541560916189512,0,0,0,0,0,16,16,1,1
149,2013,7,8,18,41461.75,68.85690543048304,146.73308415641225,411,438,994.3163562642853,998.3163562642853,4.0,11.075094047988857,4.986960986256963,400.68385148886324,504375,1.3755450188132818,10.217898824453481,-28.249553036859496,80.67934788130856,85.48212925129758,0,0,0,0,0,14,14,1,1
149,2013,7,8,21,41461.875,68.44307280407736,149.54963277012234,408,442,995.6772574784604,997.6772574784604,2.0,10.47875609704448,4.117273608617397,252.31325220201603,200000,1.360901214175101,10.13770241069707,38.35415424060628,-15.338696178768574,41.3075870510102,0,0,0,0,0,20,20,1,1
149,2013,7,9,0,41462.0,68.55779779602913,150.06848815949223,407,442,996.8515750307564,998.8515750307564,2.0,9.471761042326424,3.531337486383782,269.1012803886529,227500,1.174317552295979,8.740895979851771,7.030243512301323,4.252279021458741,8.21621571762773,0,0,0,0,0,18,18,1,1
149,2013,7,9,3,41462.125,69.06673579515521,149.9875619710568,406,440,997.5944472016739,997.5944472016739,0.0,9.264661601371989,5.672727860582527,14.104739588693906,625,0.7428721709175443,5.5104762023560845,-1.071671929067308,18.863774493150924,18.89419140508538,0,0,0,0,0,18,18,1,1
149,2013,7,9,6,41462.25,69.06673579515521,149.9875619710568,406,440,,,,9.264661601371989,,0.0,0,0.0,,0.0,0.0,0.0,0,3,0,0,0,18,18,0,0
161,2013,7,4,6,41457.25,67.36704836574812,168.801973203046,379,458,998.0391128033547,1000.0391128033547,2.0,8.109851001347744,9.328701394328892,240.1950600466464,181250,,,,,,3,0,0,0,0,11,11,1,1
161,2013,7,4,9,41457.375,65.93009704013798,168.3741013566914,381,464,998.1177967032817,1002.1177967032817,4.0,9.240375476969545,6.924737846194039,388.32886652883644,473750,0.07868389992698212,0.5970526464492827,-6.468119156794297,-53.260565747673255,53.65188187928467,0,0,0,0,0,16,16,1,1
161,2013,7,4,12,41457.5,66.20009962939312,168.79656513477067,380,463,998.9794770656118,1002.9794770656118,4.0,8.670887473766369,7.58032607566136,439.289618018595,606250,0.8616803623302257,6.524759834841615,6.318921357503337,10.007639368688583,11.835607836357093,0,0,0,0,0,18,18,1,1
161,2013,7,4,15,41457.625,64.73928801943826,171.0007489541607,377,470,999.1790251497575,1003.1790251497575,4.0,9.362773362955004,4.393887610594684,497.4795840111404,777500,0.19954808414564468,1.528690092436301,34.86187701414858,-54.14494660348375,64.39740454120592,0,0,0,0,0,18,18,1,1
161,2013,7,4,18,41457.75,61.60707856000414,172.90330583342467,375,484,999.5583842457269,1003.5583842457269,4.0,10.79226595453573,5.69762448266345,515.3540640031864,834375,0.37935909596941203,2.9876719611091995,33.5313185076064,-116.09526702572317,120.84064029387015,0,0,0,0,0,18,18,1,1
161,2013,7,4,21,41457.875,61.49661013109919,175.2174675155261,370,485,999.0482882810949,1005.0482882810949,6.0,12.014454234976396,2.5581367082286306,594.4106103225342,1110000,-0.5100959646320553,-4.0214988935776725,40.930291707569395,-4.094509616208433,41.13458141593211,0,0,0,0,0,24,24,1,1
161,2013,7,5,0,41458.0,61.08396265519581,176.63353933657018,367,487,998.6179282269569,1006.6179282269569,8.0,13.064032143731254,3.1905184912322153,695.8655864152872,1521250,-0.4303600541380001,-3.4062862861082612,25.378247482387092,-15.294768604379463,29.63081827993953,0,0,0,0,0,13,13,1,1
161,2013,7,5,3,41458.125,60.42856989166406,178.46369987111623,363,490,997.3267400474407,1005.3267400474407,8.0,14.710029650733563,5.931183310139895,578.6382389106122,1051875,-1.2911881795161753,-10.285375626557864,33.475983620892976,-24.292116754762553,41.361194564631596,0,0,0,0,0,16,16,1,1
161,2013,7,5,6,41458.25,60.207121665910876,179.78214637490285,360,491,996.674712817291,1006.674712817291,10.0,15.782750309125623,8.350064489013093,635.4963950296527,1268750,-0.652027230149688,-5.205387736518364,24.28054208788087,-8.207973072731145,25.630363751691743,0,0,0,0,0,13,13,1,1
161,2013,7,5,9,41458.375,59.7372667599486,-178.92717072420848,357,493,996.8014181474495,1006.8014181474495,10.0,16.45241375549891,9.402557267378288,576.7441643068972,1045000,0.1267053301584383,1.016344062175574,-24.108911943723864,-17.415160600687184,29.741006268415976,0,0,0,0,0,17,17,1,1
161,2013,7,5,12,41458.5,59.25156249161245,-177.67561702905186,354,495,996.2649475911675,1008.2649475911675,12.0,17.38366761507263,9.716683001885686,664.5712656141624,1387500,-0.5364705562820018,-4.3247486770349965,23.716840869930937,-18.002616829529174,29.775539517538107,0,0,0,0,0,17,17,1,1
161,2013,7,5,15,41458.625,58.99678811080977,-176.85504253530198,352,496,995.8307061673387,1007.8307061673387,12.0,17.520798532798008,9.82293243091488,607.9780878707118,1161250,-0.4342414238287893,-3.509949780997957,15.666026472312318,-9.44320619475558,18.292034568846095,0,0,0,0,0,19,19,1,1
161,2013,7,5,18,41458.75,58.48605225711473,-175.6645699141598,349,498,996.7525179136792,1008.7525179136792,12.0,17.364669152300742,7.742070074720105,619.6461088469753,1206250,0.9218117463405361,7.491380811264225,23.064021245368238,-18.930411928788498,29.838055764416275,0,0,0,0,0,14,14,1,1
161,2013,7,5,21,41458.875,57.98258323043749,-174.91589659040557,347,500,997.4356465251121,1009.4356465251121,12.0,17.11941128622634,6.860619416979608,664.8705546478496,1388750,0.6831286114329123,5.581939583898736,14.712103213813046,-18.66106716306111,23.763026083354067,0,0,0,0,0,14,14,1,1
161,2013,7,6,0,41459.0,57.47297797044863,-174.18990057228072,345,502,998.1782101600844,1008.1782101600844,10.0,16.424823240033444,5.525053884423324,474.55689276948857,707500,0.7425636349723209,6.101767546840392,14.468841411061833,-18.88850650071397,23.793340446561338,0,0,0,0,0,17,17,1,1
161,2013,7,6,3,41459.125,57.36539065578063,-172.6029729304994,341,502,998.4910046811195,1008.4910046811195,10.0,16.116750849725904,3.9714403532331204,492.8592414615001,763125,0.31279452103510264,2.5733701977953842,31.719400017235596,-3.987721187464656,31.969082841432286,0,0,0,0,0,18,18,1,1
161,2013,7,6,6,41459.25,57.03642104934527,-171.47899683322083,338,503,998.95611274424,1008.95611274424,10.0,15.77180546250088,3.5576510191089623,514.0011726956917,830000,0.46510806312056957,3.840642909684276,22.6672719118041,-12.193250418622906,25.738697940939257,0,0,0,0,0,12,12,1,1
161,2013,7,6,9,41459.375,56.925260368578535,-170.3112134396332,335,503,999.7921473778157,1009.7921473778157,10.0,15.528393764315396,3.293199159533179,553.5099506349444,962500,0.8360346335756185,6.912289375152097,23.62112698105635,-4.120167914538882,23.977769360371784,0,0,0,0,0,17,17,1,1
161,2013,7,6,12,41459.5,56.7999946919429,-169.15150006925035,332,503,999.8277702385166,1009.8277702385166,10.0,15.482575546759877,4.37384316396281,569.6289496054442,1019375,0.035622860700823364,0.2949485650517495,23.536589030749724,-4.642969241526994,23.990168540053528,0,0,0,0,0,20,20,1,1
161,2013,7,6,15,41459.625,56.66076320857415,-168.00071306947862,329,503,999.5286865007666,1011.5286865007666,12.0,15.548748304277595,5.47861413152481,773.1919263604166,1878125,-0.2990837377498974,-2.480291550843919,23.442093296775216,-5.160611526600021,24.003409121689163,0,0,0,0,0,23,23,1,1
161,2013,7,6,18,41459.75,56.788773203472736,-167.15229514128234,327,502,1000.0731176673575,1010.0731176673575,10.0,15.271778565997005,5.219695457881608,623.965367258912,1223125,0.5444311665908026,4.508334649535198,17.224041539179705,4.744687330839535,17.86560004060365,0,0,0,0,0,23,23,1,1
161,2013,7,6,21,41459.875,56.852940937419284,-165.91612912865187,324,501,1000.6742041085811,1010.6742041085811,10.0,15.014275180927367,4.876660357948931,685.2058684228348,1475000,0.6010864412235969,4.973842984322695,25.05272874155685,2.3783754897109723,25.165370797349414,0,0,0,0,0,18,18,1,1
161,2013,7,7,0,41460.0,57.02190313735268,-165.43724372170573,323,500,1001.1700191600328,1009.1700191600328,8.0,13.648987841706818,4.899651578067278,637.3719418377802,1276250,0.49581505145179106,4.094879737422928,9.661564022632657,6.262579809099303,11.513719000773294,0,0,0,0,0,15,15,1,1
161,2013,7,7,3,41460.125,57.06385913753276,-164.19031151823907,320,499,1001.4011043891537,1009.4011043891537,8.0,12.921831434183234,4.651321032753258,758.7773103058179,1808750,0.23108522912094487,1.9076005737643562,25.128294543109043,1.5550981207741064,25.176368221220446,0,0,0,0,0,17,17,1,1
161,2013,7,7,6,41460.25,56.93330444320718,-163.43273001651215,318,499,1002.0297165290834,1010.0297165290834,8.0,12.22998922066777,5.126781908294943,845.5788442483289,2246250,0.6286121399296098,5.1968562351453285,15.320646798202526,-4.839006552878207,16.066679891442153,0,0,0,0,0,17,17,1,1
161,2013,7,7,9,41460.375,58.160155357681866,-158.46402240470746,308,490,1002.7548888293277,1008.7548888293277,6.0,11.839918673216097,1.9498253234175353,735.2074370379081,1698125,0.7251723002443032,5.914051935977152,97.13367769120667,45.47319914627412,107.25093557827795,0,0,0,0,0,14,14,1,1
161,2013,7,7,12,41460.5,58.67966168038056,-158.54536638395322,309,488,1002.6643700533058,1008.6643700533058,6.0,10.76566655980455,2.343060307002379,787.3426848221379,1947500,-0.0905187760219269,-0.7341113161445857,-1.5672709512354184,19.2554891479553,19.319166663228792,0,0,0,0,0,17,17,1,2
161,2013,7,7,15,41460.625,58.809894470198316,-158.0051551259771,308,487,1002.5137188186214,1008.0824991574227,5.568780338801298,10.35760847707227,1.9798899456019716,778.5765148662374,1904375,-0.1506512346843374,-1.220103862315954,10.369425924728478,4.8270751701669194,11.437904034694165,0,0,0,0,0,17,15,2,0
161,2013,7,7,18,41460.75,64.39231998510752,-152.41797079220285,307,460,1000.415518170485,1008.415518170485,8.0,10.304094495011205,4.094749333253276,833.8514002103238,2184375,-1.666980986937706,-12.807172709759818,35.08900363837025,57.336465224687196,67.22133902858023,0,0,0,0,2,13,13,1,1
161,2013,7,7,21,41460.875,64.39231998510752,-152.41797079220285,307,460,999.4570127058346,1007.4570127058346,8.0,11.203982556379023,3.9141689377988955,784.9385794089242,1935625,-0.9585054646503705,-7.36405821375131,0.0,0.0,0.0,0,0,0,0,0,16,16,1,1
161,2013,7,8,0,41461.0,64.46746371150232,-150.60083780661552,304,458,998.5533303061327,1006.5533303061327,8.0,11.778431341056375,6.749242981796852,739.3897683364711,1717500,-0.9036823997019383,-6.938505104815983,29.029304692772968,2.7852003814228063,29.162610858949655,0,0,0,0,0,15,15,1,1
161,2013,7,8,3,41461.125,65.21589605636515,-152.61816005057503,309,457,998.5194685435335,1006.5194685435335,8.0,11.396123622907378,6.014723961390336,754.1750313253953,1786875,-0.03386176259911736,-0.25840155417907223,-31.34310371165111,27.740626561812746,41.85609289364296,0,0,0,0,0,15,15,1,2
161,2013,7,8,6,41461.25,65.97310641174813,-149.22077030018798,305,451,999.2342946947568,1007.2342946947568,8.0,10.692893004020265,6.717401692412822,814.9073567289311,2086250,0.714826151223242,5.422277070840319,51.26569803968772,28.065983307103156,58.44545503707739,0,0,0,0,0,15,15,1,2
161,2013,7,8,9,41461.375,66.13070643844212,-145.7842978675626,300,447,999.8265491046341,1007.6810210090542,7.8544719044202065,10.292335096350634,3.3550043131729037,835.0434685819455,2190625,0.592254409877205,4.487030355555815,51.53512731811144,5.841441135806322,51.865130697194296,0,0,0,1,0,14,19,2,0
161,2013,7,8,12,41461.5,66.05718276568462,-144.58783302481865,298,446,1000.3660267589003,1008.1386850358175,7.772658276917209,9.902273912624981,3.0884755534044963,900.165320380991,2545625,0.5394776542662294,4.089509267673915,17.99681040705689,-2.725153132969996,18.201968147035295,0,0,0,0,0,14,16,2,0
161,2013,7,8,15,41461.625,66.05934220642338,-141.8882582769947,294,443,1000.1305317373755,1008.1305317373755,8.0,10.225400188420162,1.481861371804116,881.8564739699843,2443125,-0.23549502152483912,-1.7851396610120487,40.600102050817206,0.08003961817997955,40.60018094636094,0,0,1,0,0,15,15,1,2
161,2013,7,8,18,41461.75,66.42914131135508,-143.95247333415418,298,444,1000.0656910365203,1008.0153287950519,7.949637758531607,10.949784299237217,3.189205297505905,794.3861462534231,1982500,-0.0648407008551294,-0.4901223030099428,-30.59368345267456,13.706594782035046,33.52378570092232,0,0,0,1,0,16,17,2,0
161,2013,7,8,21,41461.875,65.98171694002224,-139.95325747784207,291,441,999.9275046915259,1009.9275046915259,10.0,11.178017954455129,1.8691045081198538,1024.9983258939374,3300625,-0.1381863449944649,-1.0481352180679484,60.32390246962487,-16.5837733831148,62.56192731036441,0,0,1,0,0,19,19,1,2
161,2013,7,9,0,41462.0,66.15670669697604,-139.60448715698152,291,440,1000.4441462209694,1008.4441462209694,8.0,11.10804651700836,4.433680752207729,846.6369203797598,2251875,0.5166415294435864,3.9133875989009272,5.225624988577054,6.485991062676316,8.32917982675113,0,0,0,1,0,16,16,1,4
161,2013,7,9,3,41462.125,66.35256280305687,-138.47991750426974,290,438,1000.1550861452648,1002.1550861452648,2.0,11.779909898046931,7.266774714950515,207.77578856468483,135625,-0.2890600757046195,-2.186243756178013,16.718799972921094,7.259401782848284,18.22682602043941,0,0,0,2,0,17,17,1,1
161,2013,7,9,6,41462.25,66.67577850121894,-138.52746805037413,291,437,,,,10.985567237650258,,0.0,0,1.677642132946494,,-0.6978172871556672,11.97998194916736,12.000288182732492,0,2,2,1,0,14,12,0,0
165,2013,7,7,18,41460.75,19.509269284084834,145.79717187689837,525,603,1004.4597324421131,1008.4597324421131,4.0,7.5236489355693115,4.6463117600031545,357.66015365163463,401875,,,,,,3,0,0,0,0,18,18,1,1
165,2013,7,7,21,41460.875,19.26724134546267,145.20667431465546,528,602,1004.5696573309527,1008.5696573309527,4.0,7.6037335453902,4.194442211866553,325.9385287348523,333750,0.10992488883959595,2.308000930631597,-20.660884246402475,-8.97075962700851,22.524357174596744,0,0,0,0,0,21,21,1,1
165,2013,7,8,0,41461.0,18.855281020991402,144.46232220802563,532,601,1003.6732134302879,1009.6732134302879,6.0,8.927557763674042,3.8149831200945483,436.56390637860187,598750,-0.89644390066489,-19.217669869334628,-26.108868323323506,-15.269299353350341,30.246065989924553,0,0,0,0,0,20,20,1,1
165,2013,7,8,3,41461.125,18.855281020991402,144.46232220802563,532,601,1002.525267157584,1008.525267157584,6.0,9.644852326980297,4.844828442880462,406.35360642898377,518750,-1.147946272703848,-24.609295105018017,0.0,0.0,0.0,0,0,0,0,0,21,21,1,1
165,2013,7,8,6,41461.25,19.367574667982627,143.96548517413652,533,598,1000.8585294098299,1008.8585294098299,8.0,10.080815785877414,5.000493994065692,1326.0705778677766,5524375,-1.6667377477540868,-34.820711322723284,-17.373136344618533,18.988151499220898,25.73666186213881,0,0,0,0,0,23,23,1,1
165,2013,7,8,9,41461.375,19.59659843971193,142.87684146241372,537,594,1000.4437169678486,1008.4437169678486,8.0,10.82685025892472,5.375540893972938,567.0035141386943,1010000,-0.4148124419813394,-8.568700817276525,-38.013277957826325,8.488760499100048,38.94956169085919,0,0,0,0,0,24,24,1,1
165,2013,7,8,12,41461.5,19.092972506125477,142.4137004062125,540,594,998.4272731696864,1008.4272731696864,10.0,13.753979255480221,6.248255153381688,479.3536784973324,721875,-2.016443798162218,-42.70940751202768,-16.22197188701589,-18.666882913814348,24.73064676916453,0,0,0,0,0,23,23,1,1
165,2013,7,8,15,41461.625,18.923560082259332,142.26058729852747,541,594,994.8373215532198,1006.8373215532198,12.0,16.14165372886774,14.958642996893978,428.51489541470346,576875,-3.5899516164665695,-76.69263602040758,-5.368404278923421,-6.279267348157723,8.261293054456004,0,0,0,0,0,21,21,1,1
165,2013,7,8,18,41461.75,19.795844805761217,141.7824447688356,541,590,991.6915365168264,1005.6915365168264,14.0,18.118912996831053,23.641986586407658,434.27941185819066,592500,-3.145785036393354,-64.35367267351486,-16.67503976058626,32.33121194765373,36.37807330001466,0,0,0,0,0,22,22,1,1
165,2013,7,8,21,41461.875,19.75165134555476,140.80672690553158,545,587,991.5905651551852,1005.5905651551852,14.0,18.487064676274898,18.40288382129547,396.6918829294488,494375,-0.10097136164127733,-2.070018810928135,-34.03719255771086,-1.6380295219419414,34.07658459889196,0,0,0,0,0,27,27,1,1
165,2013,7,9,0,41462.0,19.614445565204385,140.3815470521319,547,586,988.4444486456308,1006.4444486456308,18.0,22.141512860437086,27.811015061427312,423.6120847380443,563750,-3.146116509554413,-64.93191559975816,-14.844810843504591,-5.085528893756569,15.691749842151589,0,0,0,0,0,26,26,1,1
165,2013,7,9,3,41462.125,19.861687074881424,139.9817135164666,548,584,985.8722753045187,1005.8722753045187,20.0,24.06789861905184,31.494665408589572,493.6658856042868,765625,-2.572173341112066,-52.45180896217868,-13.938267718481786,9.16400051067616,16.680953580408538,0,0,0,0,0,26,26,1,1
165,2013,7,9,6,41462.25,20.134747902752085,139.30298203295237,550,581,982.0992351708973,1006.0992351708973,24.0,26.581812807954176,45.211990981730125,763.6124165785491,1831875,-3.7730401336213983,-75.93891489111365,-23.61968593207949,10.120992908193557,25.69677141155632,0,0,0,0,0,21,21,1,1
165,2013,7,9,9,41462.375,20.18941579397398,138.7494590317192,552,579,980.7924880077372,1004.7924880077372,24.0,28.315596380712375,51.871540420429454,478.5229089327537,719375,-1.3067471631600347,-26.23227665726192,-19.255719313453685,2.026264051410306,19.3620368836688,0,0,0,0,0,19,19,1,1
165,2013,7,9,12,41462.5,20.624603148325825,138.21078825788248,553,576,978.6946678023226,1006.6946678023226,28.0,31.62716361084282,55.4555178033292,590.3806614136771,1095000,-2.097820205414755,-41.261576215702114,-18.686168565110677,16.130208647931063,24.68514789644819,0,0,0,0,0,18,18,1,1
165,2013,7,9,15,41462.625,20.664311478254213,137.65327202841223,555,574,976.6020062957078,1006.6020062957078,30.0,32.80664381434616,58.19084538755095,712.3940796948564,1594375,-2.092661506614677,-41.08446761442715,-19.334856339822462,1.4717882778551015,19.39079241331835,0,0,0,0,0,19,19,1,1
165,2013,7,9,18,41462.75,21.08376241408276,137.10551418885603,556,571,973.4102648296232,1007.4102648296232,34.0,34.66112737793095,65.36091488122896,1378.3008341725097,5968125,-3.1917414660846406,-61.4707872498476,-18.943472528033357,15.546938680148836,24.506375777431117,0,0,0,0,0,19,19,1,1
165,2013,7,9,21,41462.875,21.108416013907295,136.54436503468796,558,569,971.913287081961,1005.913287081961,34.0,36.78657702647314,68.50034084258324,767.7695751178262,1851875,-1.4969777476621675,-28.798643240613142,-19.4033715169091,0.913785074671291,19.424876560377196,0,0,0,0,0,16,16,1,1
165,2013,7,10,0,41463.0,21.511979375697045,135.98776039963982,559,566,972.4346599102231,1006.4346599102231,34.0,37.31681899299564,75.62983779687907,611.892150320368,1176250,0.5213728282621014,9.850610248340269,-19.193422793606643,14.958066136880838,24.333746548557627,0,0,0,0,0,15,15,1,1
165,2013,7,10,3,41463.125,21.52338990052865,135.14112232425936,562,563,970.5364023095757,1006.5364023095757,36.0,38.78876760519365,77.78572182577584,730.7289744312244,1677500,-1.8982576006474847,-35.84681048783157,-29.192346476084193,0.42293082387544767,29.195409969060705,0,0,0,0,0,20,20,1,1
165,2013,7,10,6,41463.25,21.71274257073233,134.43413415675337,564,560,967.5641889102324,1005.5641889102324,38.0,40.98198986495751,89.61618651032775,760.6104246846999,1817500,-2.972213399343309,-55.661332469975996,-24.34527709389273,7.018352091083154,25.336727942905913,0,0,0,0,0,22,22,1,1
165,2013,7,10,9,41463.375,21.701317443422113,133.8683786808173,566,558,966.9729483497846,1004.9729483497846,38.0,41.94326317626734,86.965631732225,623.4869272903437,1221250,-0.5912405604477681,-11.077847233847619,-19.48345414504862,-0.423472064388091,19.48805567550363,0,0,0,0,0,21,21,1,1
165,2013,7,10,12,41463.5,22.067364381794054,133.29442616155012,567,555,968.2732943777645,1006.2732943777645,38.0,41.9328853264148,88.68902792191045,588.0171033797764,1086250,1.3003460279799766,23.97962901929598,-19.71508429080073,13.567520820244363,23.93245014203815,0,0,0,0,0,15,15,1,1
165,2013,7,10,15,41463.625,22.424771296059728,132.71509613994525,568,552,968.9405702593903,1006.9405702593903,38.0,41.168335537529735,81.28183276740681,664.5712656141624,1387500,0.6672758816256829,12.118966619938737,-19.84908929015716,13.247278538009835,23.86371166252743,0,0,0,0,0,14,14,1,1
165,2013,7,10,18,41463.75,22.57219963138988,131.99473064031005,570,549,968.636724435726,1006.636724435726,38.0,40.79201439870534,72.82862591809163,740.1965222789484,1721250,-0.30384582366415996,-5.484226307630521,-24.654968913859303,5.464427644121941,25.253266355487813,0,0,0,0,0,13,13,1,1
165,2013,7,10,21,41463.875,22.52814650587293,131.42366562500266,572,547,968.3821069330244,1006.3821069330244,38.0,41.14845975705669,76.8221725637179,700.7089263299684,1542500,-0.2546175027017307,-4.604203441395543,-19.55131273593419,-1.6328280201069831,19.619377080874635,0,0,0,0,0,10,10,1,1
165,2013,7,11,0,41464.0,22.47644947589375,130.853311174034,574,545,969.9283228135499,1007.9283228135499,38.0,40.230822378062676,70.44505071204075,827.9854572203182,2153750,1.5462158805255604,28.020914126042243,-19.534285694042666,-1.9161491520920078,19.62803976839111,0,0,0,0,0,18,18,1,1
165,2013,7,11,3,41464.125,22.59231541409802,130.12941898599945,576,542,968.6015870367768,1008.6015870367768,40.0,41.32853294116767,66.43672194740749,1027.7120175874127,3318125,-1.32673577677313,-23.92654105140504,-24.77205442424409,4.294568166409025,25.141559142854387,0,0,0,0,0,18,18,1,1
165,2013,7,11,6,41464.25,22.695813456286434,129.40345653423861,578,539,966.3874656769232,1006.3874656769232,40.0,42.78134870896749,73.03746142121868,781.3822050931819,1918125,-2.214121359853598,-39.75724945624814,-24.824186387480097,3.836152402998658,25.11884342598967,0,0,0,0,0,15,15,1,1
165,2013,7,11,9,41464.375,22.617224648324413,128.8336707755186,580,537,964.8857654348316,1004.8857654348316,40.0,44.231147650057615,73.71266790895555,585.8138322384505,1078125,-1.5017002420916106,-27.05361168385129,-19.494911838299355,-2.9128922454734276,19.71132996062933,0,0,0,0,0,14,14,1,1
165,2013,7,11,12,41464.5,22.531019117049713,128.26510673049648,582,535,960.6855659495747,1006.6855659495747,46.0,49.52353085696705,96.36949320537366,691.9952565066759,1504375,-4.200199485256889,-75.94228805386294,-19.465283334086987,-3.1952059088152587,19.725785056012665,0,0,0,0,0,15,15,1,1
165,2013,7,11,15,41464.625,22.81761734860536,127.66139366376376,583,532,961.139376577788,1007.139376577788,46.0,49.24297109449951,85.82507253727337,663.522690891544,1383125,0.4538106282132503,8.107530116071217,-20.625490691183085,10.622756444763457,23.20029785879577,0,0,0,0,0,19,19,1,1
165,2013,7,11,18,41464.75,22.87903916422635,126.93082897294141,585,529,959.8867618515428,1005.8867618515428,46.0,49.31715441802565,79.82614381836196,685.0606823064848,1474375,-1.252614726245083,-22.321659779188135,-24.948019786477534,2.2765980941171584,25.051678389852693,0,0,0,0,0,17,17,1,1
165,2013,7,11,21,41464.875,22.985632102397147,126.48345699855038,586,527,957.3840910466262,1005.3840910466262,48.0,51.61858615335892,86.29618051378834,687.5246766356312,1485000,-2.5026708049167063,-44.40204699404905,-15.26527451954474,3.9508646469100475,15.768257278953358,0,0,0,0,0,17,17,1,1
165,2013,7,12,0,41465.0,23.026946939864818,125.75058433292584,588,524,958.1468855317987,1006.1468855317987,48.0,51.09146591008222,89.87601478066208,694.8642375349573,1516875,0.7627944851726352,13.510433154365792,-24.999487988298934,1.5313334405164767,25.04634467907736,0,0,0,0,0,15,15,1,1
165,2013,7,12,3,41465.125,23.341539203599925,125.41890561651242,588,522,959.2655694478261,1005.2655694478261,46.0,49.7718460973314,79.57056964924654,586.6622234610165,1081250,1.1186839160273667,19.561456574031954,-11.28753988651616,11.660354562990317,16.228753039723735,0,0,0,0,0,13,13,1,1
165,2013,7,12,6,41465.25,23.58640455370434,124.79887965373973,589,519,957.6977512081797,1003.6977512081797,46.0,50.090180899228464,77.49004743255391,611.5669352294595,1175000,-1.56781823964644,-27.146478519174476,-21.061324468340466,9.075928214218186,22.933640385040455,0,0,0,0,0,13,13,1,1
165,2013,7,12,9,41465.375,23.892632690417333,124.46081627137178,589,517,955.0258132362039,1003.0258132362039,48.0,52.011659149371305,87.75511917314536,937.1959998785726,2759375,-2.6719379719757126,-45.70526225092639,-11.456536334418571,11.350338399433724,16.127070613211583,0,0,0,0,0,14,14,1,1
165,2013,7,12,12,41465.5,24.2722962241468,123.66137660223214,590,513,954.949962988223,1002.949962988223,48.0,53.07095133238784,90.36713812077338,758.5150751812397,1807500,-0.07585024798099767,-1.2783742344595113,-27.011839239733163,14.072219594220607,30.457623404020786,0,0,0,0,0,13,13,1,1
165,2013,7,12,15,41465.625,24.71534718748964,123.14166119527881,590,510,958.0931002158336,1004.0931002158336,46.0,50.34788428519408,101.93731751282297,725.6748017916211,1654375,3.1431372276105685,52.08263876741951,-17.498642782961895,16.421673122902938,23.99737167693948,0,0,0,0,0,16,16,1,1
165,2013,7,12,18,41465.75,25.06914321748715,122.32683032992529,591,506,962.942909460692,1002.942909460692,40.0,44.04755698921941,85.0557836668635,724.028033855686,1646875,4.84980924485848,79.30030455970945,-27.356558939093958,13.113441200902857,30.3371662670998,0,0,0,0,0,14,14,1,1
165,2013,7,12,21,41465.875,24.53055700073594,121.81832256069104,594,505,969.7270662607484,1003.7270662607484,34.0,36.98900029403201,45.76281289961015,941.3262695070861,2783750,6.784156800056371,113.20918307958533,-17.146612943676445,-19.962684954473712,26.31568213122783,0,0,0,0,0,12,12,1,1
165,2013,7,13,0,41466.0,25.45624641260658,121.03587201257318,593,500,976.9268872528231,1002.9268872528231,26.0,30.38268893501392,56.29734182330394,623.965367258912,1223125,7.199820992074674,116.05235621921248,-26.1858257728054,34.31065541620019,43.16154013115087,0,0,0,0,0,12,12,1,1
165,2013,7,13,3,41466.125,25.865198935449158,120.49234619896879,593,497,979.3117126056925,1003.3117126056925,24.0,27.725102679436326,54.10374664250376,739.5242884446226,1718125,2.384825352869375,37.87358883201285,-18.127613611481383,15.15781525952933,23.62984846945036,0,0,0,0,0,14,14,1,1
165,2013,7,13,6,41466.25,26.496549863718272,120.04915064369855,592,494,982.3787291561041,1002.3787291561041,20.0,23.487092071551057,46.47898182201447,861.3135192757034,2330625,3.067016550411645,47.62793549286599,-14.701549816307056,23.40100671861925,27.63589481898897,0,0,0,0,0,11,11,1,1
165,2013,7,13,9,41466.375,26.558783532467988,119.09607769263934,594,490,988.1111334120149,1000.1111334120149,12.0,17.47942281848782,19.334832321012072,738.8514429878315,1715000,5.732404255910805,88.82545881661711,-31.597855252137553,2.3066894104822193,31.681939217343807,0,0,0,0,0,10,10,1,1
165,2013,7,13,12,41466.5,26.834789175301644,118.24269064323146,595,486,990.6507149281108,1000.6507149281108,10.0,15.687837751088725,17.909286264369875,711.6955854787614,1591250,2.539581516095932,38.97647281645013,-28.224459024693385,10.230142402790875,30.021257482290373,0,0,0,0,0,11,11,1,1
165,2013,7,13,15,41466.625,27.809575852961032,116.71084164999722,595,478,993.7035180640759,1001.7035180640759,8.0,12.938277424299597,7.977624612911097,615.6197757037828,1190625,3.052803135965078,45.33521471027106,-50.2199384231349,36.130444372142875,61.866398196048,0,0,0,0,0,11,11,1,1
165,2013,7,13,18,41466.75,28.513123202850334,117.00691218202626,592,478,993.7932648045202,1001.7932648045202,8.0,12.915085393688988,6.535247018022128,606.3397715326599,1155000,0.08974674044424319,1.3025465305163124,9.642802533315741,26.076965320638227,27.80272938094908,0,0,0,0,0,11,11,1,1
165,2013,7,13,21,41466.875,28.63183210963276,116.8109543003487,592,477,994.9062055443302,1002.9062055443302,8.0,11.76928827902734,5.704679461326668,784.3046952876003,1932500,1.112940739810001,16.091419832705515,-6.375009867635191,4.3999427272425375,7.7459826242679215,0,0,0,0,0,10,10,1,1
165,2013,7,14,0,41467.0,28.86661941653801,116.41700039673367,592,475,997.4372859802793,1003.4372859802793,6.0,10.364806554628009,3.241903462737463,633.9292005476918,1262500,2.5310804359491157,36.323213445799375,-12.787541582299758,8.70238578946771,15.467796809752025,0,0,0,0,0,13,13,1,1
165,2013,7,14,3,41467.125,29.217248495323002,116.3170190489215,591,474,998.9872555577272,1000.940014148673,1.9527585909457412,8.876766143148844,3.032310750685356,340.8564337915358,365000,1.5499695774479187,21.999612601783312,-3.2343355524078423,12.996058231648693,13.392477591020008,0,0,0,1,0,14,12,2,0
165,2013,7,14,6,41467.25,30.06790537977143,113.70013704964485,593,462,997.9916444179008,1001.9916444179008,4.0,7.591314319717619,5.400431877140436,592.7347947230355,1103750,-0.9956111398263602,-13.767340998475818,-83.94047744086394,31.529576621977437,89.66670482939213,0,0,1,0,0,10,10,1,1
165,2013,7,14,9,41467.375,30.06790537977143,113.70013704964485,593,462,,,,7.591314319717619,,0.0,0,0.0,,0.0,0.0,0.0,0,3,0,0,0,10,10,0,0
177,2013,7,8,12,41461.5,30.90005674893694,49.50976746349637,551,196,993.8828682139746,993.8828682139746,0.0,7.79868621981594,7.973052424523047,14.104739588693906,625,,,,,,3,0,0,0,0,1,1,1,1
177,2013,7,8,15,41461.625,30.702659649117138,49.65706979872448,552,196,992.5075060646985,992.5075060646985,0.0,8.409848964280258,8.36406108590265,14.104739588693906,625,-1.375362149276043,-18.66257128052028,4.694455114626597,-7.31651867810379,8.693063579100606,0,0,0,0,0,1,1,1,1
177,2013,7,8,18,41461.75,30.305976921756898,49.949021425910836,554,196,992.869556952056,998.869556952056,6.0,9.402049389765125,8.429176833049278,799.1302829678212,2006250,0.36205088735747265,4.970816892867023,9.342386446032767,-14.703035589995126,17.420087257751614,0,0,2,0,0,1,1,1,2
177,2013,7,8,21,41461.875,32.26406789392174,48.453316250531095,544,196,992.4550996139261,992.4550996139261,0.0,10.939602996265197,8.888604155541907,14.104739588693906,625,-0.41445733812986874,-5.379028683161607,-46.878047979939176,72.57659400441413,86.39973020612415,0,0,0,2,0,1,1,1,1
177,2013,7,9,0,41462.0,32.26406789392174,48.453316250531095,544,196,991.4946518904584,993.4946518904584,2.0,11.569917249165677,7.2884350776143405,194.4204181260938,118750,-0.9604477234678052,-12.465157153501181,0.0,0.0,0.0,0,0,0,0,0,1,1,1,1
177,2013,7,9,3,41462.125,32.26406789392174,48.453316250531095,544,196,992.017249774811,994.017249774811,2.0,11.682753828758889,6.465168579802122,195.94930472170537,120625,0.5225978843527264,6.782529228164008,0.0,0.0,0.0,0,0,0,0,0,1,1,1,1
177,2013,7,9,6,41462.25,32.509740244506524,47.31039221915012,540,193,992.6008823666064,996.6008823666064,4.0,11.506686237093795,11.574790295088388,559.7644988851731,984375,0.5836325917953218,7.523635779162788,-35.72408801598357,9.105839667290457,36.866336685655945,0,0,0,0,0,0,0,1,1
177,2013,7,9,9,41462.375,32.509740244506524,47.31039221915012,540,193,991.9059335664798,995.9059335664798,4.0,10.56256105671317,10.240619641638041,695.4366134454649,1519375,-0.6949488001265854,-8.95861836850993,0.0,0.0,0.0,0,0,0,0,0,0,0,1,1
177,2013,7,9,12,41462.5,32.509740244506524,47.31039221915012,540,193,990.3852016067517,994.3852016067517,4.0,10.132653199824802,10.703742043053936,733.9887481195237,1692500,-1.5207319597281457,-19.603828750433284,0.0,0.0,0.0,0,0,0,0,0,0,0,1,1
177,2013,7,9,15,41462.625,32.32046234532692,47.46811791382854,541,193,989.5780969753789,993.5780969753789,4.0,9.836004265984926,7.972768264097032,675.5566588495816,1433750,-0.8071046313727857,-10.458694682003559,4.940367964268628,-7.015580704903913,8.580536594490571,0,0,0,0,0,0,0,1,1
177,2013,7,9,18,41462.75,31.728979213871533,48.261190433689016,545,194,990.6300720421178,996.6300720421178,6.0,9.465783960847189,2.8276573332412225,832.6576252242389,2178125,1.0519750667389598,13.85866247215973,25.00190335945908,-21.92330780455871,33.252467527826504,0,0,0,0,0,1,1,1,1
177,2013,7,9,21,41462.875,32.32046234532692,47.46811791382854,541,193,990.6207118637227,996.6207118637227,6.0,9.840710813820136,6.971945442059077,843.3407685757326,2234375,-0.00936017839514534,-0.12129189227597839,-24.84098415891102,21.92330780455871,33.13164528176488,0,0,0,0,0,1,1,1,1
177,2013,7,10,0,41463.0,32.32046234532692,47.46811791382854,541,193,990.5863275276309,994.5863275276309,4.0,9.790373259885579,6.5895823445593855,669.7895160722359,1409375,-0.03438433609175263,-0.44556214776685765,0.0,0.0,0.0,0,0,0,0,0,0,0,1,1
177,2013,7,10,3,41463.125,32.7109494596772,46.8209288021912,538,192,991.4051552872972,997.4051552872972,6.0,10.365623589184317,11.72995052915263,843.9303113031499,2237500,0.8188277596663102,10.497767025843686,-20.18369325059878,14.473395345274636,24.836679449050436,0,0,0,1,0,1,1,1,2
177,2013,7,10,6,41463.25,32.14616828796214,47.297166373942225,541,192,992.1971680277145,996.0358843868602,3.8387163591456193,8.959100632759297,3.30438258635666,663.3727592003538,1382500,0.7920127404172672,10.312762798512695,14.945595364017267,-20.933600319694598,25.72132273289327,0,0,0,0,0,1,0,2,0
177,2013,7,10,9,41463.375,32.509740244506524,47.31039221915012,540,193,991.8017984085045,991.8017984085045,0.0,8.113002336249705,9.169632865363893,14.104739588693906,625,-0.3953696192099596,-5.096728755211822,0.413398885482605,13.475785679323877,13.48212514085182,0,0,0,2,0,2,2,1,1
177,2013,7,10,12,41463.5,35.438638480683096,43.961519542179886,522,191,,,,11.78103148995376,,0.0,0,-1.7966723217965046,,-101.12510467860038,108.55954150701056,148.36259922389547,0,3,3,0,0,1,1,0,0
179,2013,7,7,12,41460.5,73.62596640599432,-112.16634582208246,292,387,1004.1930449416155,1010.1930449416155,6.0,7.676772134270211,5.339222970592818,708.7543926733679,1578125,,,,,,3,0,0,0,0,7,7,1,1
179,2013,7,7,15,41460.625,73.65704474610216,-109.68031308969037,291,384,1003.5399792012666,1009.5399792012666,6.0,8.070194343969682,5.305797789512435,636.7473733959201,1273750,-0.6530657403488295,-4.715087137432387,25.9263866440594,1.1519179161754032,25.95196407409018,0,0,0,0,0,8,8,1,1
179,2013,7,7,18,41460.75,73.80388826336083,-108.18365315571307,291,382,1003.2770978538879,1009.2770978538879,6.0,7.891254836614464,6.309601351840611,612.8667601500941,1180000,-0.2628813473788614,-1.8965651065428324,15.47263798377926,5.442751376602358,16.402014166699026,0,0,0,0,0,7,7,1,1
179,2013,7,7,21,41460.875,74.08874979819034,-107.66764050783232,292,381,1002.8704516992235,1008.8704516992235,6.0,8.287414864117252,9.640071955608219,574.3244897772975,1036250,-0.40664615466434045,-2.9295662129008866,5.243338248968159,10.558385823074152,11.788643144229352,0,0,0,0,0,9,9,1,1
179,2013,7,8,0,41461.0,74.37215884761453,-107.13299615034315,293,380,1002.1931964028815,1008.1931964028815,6.0,8.519174554665058,11.654888796924787,511.4791664450302,821875,-0.6772552963419003,-4.87228192367893,5.338327107687553,10.50454948704242,11.783178528495396,0,0,0,0,0,8,8,1,1
179,2013,7,8,3,41461.125,73.8762210322825,-100.84030545433056,289,373,1001.781759044184,1007.781759044184,6.0,9.040761846339773,8.848828767790911,500.6685883593409,787500,-0.4114373586975853,-2.967241092746265,64.7433877576539,-18.381922998702777,67.30231312123058,0,0,0,0,0,8,8,1,1
179,2013,7,8,6,41461.25,74.33970202596784,-104.53445508054013,292,377,1002.2822245569079,1008.2822245569079,6.0,8.521504868532475,6.230827334522109,508.55361814102736,812500,0.5004655127238948,3.600999398653701,-36.95429487873011,17.17891169799647,40.75211549247104,0,0,0,0,0,9,9,1,1
179,2013,7,8,9,41461.375,74.39491770928512,-103.73626830562257,292,376,1002.0965468565122,1010.0965468565122,8.0,9.321784560272146,7.006072850875499,706.3644573399004,1567500,-0.18567770039575407,-1.3356464977759597,7.958399777161756,2.046567952031488,8.217333350632105,0,0,0,0,0,11,11,1,1
179,2013,7,8,12,41461.5,74.17517984188335,-103.54317664244475,291,376,1002.8613389479657,1008.8613389479657,6.0,8.797410611416572,7.146042217041031,483.8974168395105,735625,0.7647920914535643,5.507364407152596,1.9516749491437901,-8.144578682257507,8.375153551941532,0,0,0,0,0,12,12,1,1
179,2013,7,8,15,41461.625,73.73499275744264,-103.17255342332689,289,376,1003.5023590417832,1009.5023590417832,6.0,8.134314352591886,6.249026772209909,543.1698406176479,926875,0.6410200938174967,4.626277163728364,3.8474985496428102,-16.31552352142188,16.76304127739278,0,0,0,0,0,10,10,1,2
179,2013,7,8,18,41461.75,70.29502538016416,-92.29061004263853,272,363,1004.7739943758403,1008.7739943758403,4.0,8.33039615683204,7.779208852841984,471.61322391438915,698750,-0.015617972552281572,-0.11493493108462814,9.470073219148848,-24.856868236185072,26.5997403236781,0,0,0,0,2,10,10,1,1
179,2013,7,8,21,41461.875,69.85304766369894,-90.96017456666634,270,361,1005.3700526633355,1009.3700526633355,4.0,7.9602393139981915,3.9590273356842225,526.4299997708744,870625,0.5960582874952525,4.3987630733094365,16.984345827982803,-16.381893253626725,23.597339463967916,0,0,0,1,0,11,11,1,2
179,2013,7,9,0,41462.0,69.46254427335411,-82.7581331410838,269,348,1005.4391895543673,1009.4391895543673,4.0,8.128015609511547,5.7101859724039965,525.4843729973693,867500,0.0691368910318124,0.5115040706601323,106.57227769235031,-14.473998614614773,107.55067181766601,0,0,0,0,0,10,10,1,1
179,2013,7,9,3,41462.125,69.4002215698195,-81.51567786502959,269,346,1005.302497335069,1009.302497335069,4.0,8.47297489242139,4.725189039349207,481.8373929400896,729375,-0.13669221929827471,-1.0117199415035811,16.202416993753843,-2.309989482607891,16.366256989588134,0,0,0,0,0,10,10,1,1
179,2013,7,9,6,41462.25,70.89597081476782,-84.25584167623283,275,351,1005.8398284964838,1009.8398284964838,4.0,8.370147516636647,2.657971297942568,499.87324458734105,785000,0.5373311614147679,3.9397157936773306,-33.23751340879154,55.43990919022773,64.63989347624495,0,0,0,0,0,8,8,1,1
179,2013,7,9,9,41462.375,71.00865948743868,-81.48601207024966,276,347,1006.0455385972168,1010.0455385972168,4.0,8.21920353872555,1.7495304091569415,491.2419795407212,758125,0.20571010073297658,1.5072440384868597,33.40644047861228,4.176802897103129,33.66654048001241,0,0,0,0,0,7,7,1,1
179,2013,7,9,12,41462.5,71.26595130932493,-82.0644496299112,277,348,1005.8992265548435,1009.8992265548435,4.0,8.655931641388815,2.329508917826388,450.9106782943783,638750,-0.14631204237331985,-1.070389233092744,-6.885910872959054,9.536515086962318,11.762690532110229,0,0,0,0,0,8,8,1,1
179,2013,7,9,15,41462.625,71.52116062845401,-82.65877418863585,278,349,1005.8243106218874,1009.8243106218874,4.0,8.477781248851628,3.5733846341615574,474.76645643294637,708125,-0.07491593295606436,-0.547248516269081,-6.9820414794309675,9.459327173188132,11.75703082372033,0,0,0,0,0,9,9,1,1
179,2013,7,9,18,41462.75,71.54880468307738,-83.3513548167311,278,350,1006.1030806031288,1008.1030806031288,2.0,7.824417816397682,4.330127869960852,331.08604176942123,344375,0.27876998124134844,2.0360406193038494,-8.12458044240463,1.0246262086681415,8.188935598268769,0,0,0,0,0,8,8,1,1
179,2013,7,9,21,41462.875,71.54880468307738,-83.3513548167311,278,350,,,,7.824417816397682,,0.0,0,0.0,,0.0,0.0,0.0,0,3,0,0,0,8,8,0,0
180,2013,7,8,15,41461.625,72.60425949887892,129.75818005302045,419,409,996.3856035586318,996.3856035586318,0.0,10.825944109597417,5.6315884045251,14.104739588693906,625,,,,,,3,0,0,0,0,12,12,1,1
180,2013,7,8,18,41461.75,72.89056924877482,128.60104337263107,419,407,996.7078999922858,996.7078999922858,0.0,10.711899318764756,3.358120690149808,14.104739588693906,625,0.32229643365397354,2.3363304219207244,-12.617718234667418,10.612063879099185,16.48704683148381,0,0,0,0,0,12,12,1,1
180,2013,7,8,21,41461.875,73.5176401138178,124.44819049380772,420,401,996.9900918583969,998.9900918583969,2.0,10.601618171619943,4.389982258031742,172.1702882348331,93125,0.28219186611109764,2.0388654271981337,-43.66294217030283,23.242366279798,49.463725185751024,0,0,0,0,0,14,14,1,1
180,2013,7,9,0,41462.0,73.76940501243938,123.14022087905204,420,399,996.8778078532628,998.8778078532628,2.0,10.620489087514605,3.890356045272201,170.4282168957679,91250,-0.11228400513413363,-0.8102179917566112,-13.550036627784563,9.33165981130043,16.452457793537803,0,0,0,0,0,13,13,1,1
180,2013,7,9,3,41462.125,74.13030712986831,121.10282368498466,420,396,997.4361086795226,1001.4361086795226,4.0,10.037445208653144,3.9743276445695663,283.150671167388,251875,0.5583008262598014,4.021288627858738,-20.648899324425827,13.376828157792152,24.60318221030309,0,0,0,0,0,13,13,1,1
180,2013,7,9,6,41462.25,74.3591682539758,119.69386102591014,420,394,997.5783795477842,1001.5783795477842,4.0,9.801872615506333,4.757944601325653,275.3135333533663,238125,0.14227086826154844,1.023584115960048,-14.079357813277097,8.482731968974209,16.43730689899486,0,0,0,0,0,11,11,1,1
180,2013,7,9,9,41462.375,74.46992536240957,118.97413255155026,420,393,998.1143555283463,1002.1143555283463,4.0,9.534484772166495,4.892561417208271,281.3886710374423,248750,0.5359759805622162,3.854062149137984,-7.142491679810974,4.10520951588548,8.238199594904563,0,0,0,0,0,10,10,1,1
180,2013,7,9,12,41462.5,75.08319759183044,118.30075576600639,418,391,999.0491609667977,1003.0491609667977,4.0,9.106714258264805,4.877207109452429,309.34108930758305,300625,0.9348054384512943,6.702388310605751,-6.424737139500022,22.730920187865976,23.6214305218546,0,0,0,0,0,11,11,1,1
180,2013,7,9,15,41462.625,75.38883348418669,117.94303442338295,417,390,999.4712137572388,1001.4712137572388,2.0,8.889458672019819,4.4099304440587,199.96919625742038,125625,0.4220527904412302,3.021792187821328,-3.3446661606157644,11.328386876832624,11.811822084554178,0,0,0,0,0,11,11,1,1
180,2013,7,9,18,41462.75,76.30133826005886,116.77492488864554,414,387,999.9809272147994,1001.9809272147994,2.0,8.744379825122545,3.9628947952356977,249.5383166664071,195625,0.5097134575605742,3.634791329003765,-10.252982740747646,33.82196720530496,35.34188903721465,0,0,0,0,0,10,10,1,1
180,2013,7,9,21,41462.875,77.20637704189065,115.44174846300257,411,384,1000.4455325385361,1000.4455325385361,0.0,8.811610832542309,3.5253094176703597,14.104739588693906,625,0.46460532373661406,3.3008263987859205,-10.942033103623405,33.545240318755724,35.28471675504658,0,0,0,0,0,8,8,1,1
180,2013,7,10,0,41463.0,78.10255185609,113.9076604941725,408,381,1000.9564325215684,1000.9564325215684,0.0,8.785720201043492,2.9188967575859714,14.104739588693906,625,0.5108999830324319,3.617325695258206,-11.72214903315889,33.216697575199134,35.22439177271664,0,0,0,0,0,7,7,1,1
180,2013,7,10,3,41463.125,78.27781317710112,111.90317808183917,408,379,1000.9138771753275,1000.9138771753275,0.0,8.468242018055083,2.4989206553481926,14.104739588693906,625,-0.042555346240988,-0.30111201588518977,-15.093736491713551,6.496056577820558,16.432274107485277,0,0,0,0,0,9,9,1,1
180,2013,7,10,6,41463.25,78.93773809627098,109.5366549381284,406,376,1001.0958100388848,1003.0958100388848,2.0,8.296651546450406,2.5373360806395793,238.949442004407,179375,0.1819328635573038,1.2843316907073339,-16.829238796264242,24.460100992669172,29.690399442130463,0,0,0,0,0,9,9,1,1
180,2013,7,10,9,41463.375,79.29447781963184,107.67610869865347,405,374,1001.2580683949536,1003.2580683949536,2.0,8.22137524546608,2.6888858706977046,232.19331810450433,169375,0.1622583560687781,1.1440715493661073,-12.809761643990894,13.222549123437117,18.409937498469894,0,0,0,0,0,10,10,1,1
180,2013,7,10,12,41463.5,79.85525372632716,106.03233935393597,403,372,1001.0638672845644,1005.0638672845644,4.0,8.883132249558756,3.1413421458592348,357.1034838143996,400625,-0.19420111038925825,-1.3668339466151997,-10.730924949557304,20.78514526967437,23.39177236026587,0,0,0,0,0,7,7,1,1
180,2013,7,10,15,41463.625,80.13213689205865,105.14098383507691,402,371,1000.7808915909935,1002.7808915909935,2.0,9.12976353169217,3.595641713272635,211.1004122822376,140000,-0.28297569357077007,-1.989953268391933,-5.661894488314613,10.262667767542057,11.720895823432357,0,0,0,0,0,7,7,1,1
180,2013,7,10,18,41463.75,80.7266265936,101.853004167744,400,368,1000.0112703693496,1002.0112703693496,2.0,9.670150602263776,3.412395184031266,205.8518972422094,133125,-0.7696212216439017,-5.402701705761631,-19.635960180095935,22.03474625127863,29.514419773265928,0,0,0,0,0,6,6,1,1
180,2013,7,10,21,41463.875,81.9522394932215,98.80679269443532,395,365,1000.1359167586065,1002.1359167586065,2.0,10.40638161957724,2.7935632755680126,229.17489221187702,165000,0.12464638925681357,0.8721648463558536,-15.805093067898614,45.42731215601245,48.09825003682289,0,0,0,0,0,4,4,1,1
180,2013,7,11,0,41464.0,83.61641440899865,91.00508600525419,388,360,1000.2306634261021,1002.2306634261021,2.0,11.11535806947443,2.3700551830952463,243.48555665938588,186250,0.09474666749563766,0.6605195125539081,-32.12662455584375,61.682602561184474,69.54756260339526,0,0,0,0,0,10,10,1,1
180,2013,7,11,3,41464.125,84.7083800027363,83.9275435927923,383,357,999.3601270495262,1001.3601270495262,2.0,12.055835426993356,2.3740017916826037,231.33492951703124,168125,-0.8705363765759102,-6.057066959187867,-24.17802572476982,40.473678031346964,47.145472119099296,0,0,0,0,0,9,9,1,1
180,2013,7,11,6,41464.25,85.67899649861427,73.44292862436335,378,354,998.8113446510615,1000.8113446510615,2.0,12.47648642251871,2.356352136736605,219.41825422078801,151250,-0.548782398464682,-3.8129138853832836,-29.23908321363948,35.97587668638332,46.35933229165399,0,0,0,0,0,8,8,1,1
180,2013,7,11,9,41464.375,86.5427909206394,60.94539590092286,373,352,998.430636829006,1000.430636829006,2.0,13.051228400527366,2.1316204451504017,216.68112103298049,147500,-0.38070782205555587,-2.6424300848874123,-27.878491821572766,32.01651913102105,42.45312477913182,0,0,0,0,0,7,7,1,1
180,2013,7,11,12,41464.5,86.9758998903873,38.99099404250548,368,349,997.8410654572855,1001.8410654572855,4.0,13.86588758129297,2.0095383121330817,317.27827140480923,316250,-0.5895713717205218,-4.090366393188927,-42.668204762246525,16.05317337340564,45.58815715720056,0,0,0,0,0,6,6,1,1
180,2013,7,11,15,41464.625,87.02603883743576,19.798876354524932,364,347,997.465576354932,1003.465576354932,6.0,14.127548345922039,2.4776819557777343,392.15234764380017,483125,-0.3754891023534583,-2.604973146956059,-36.73477619284713,1.8583988463633905,36.781754012155716,0,0,0,0,0,10,10,1,1
180,2013,7,11,18,41464.75,86.92657798003735,10.491477012331599,362,346,997.3081762521248,1005.3081762521248,8.0,14.608674323319326,2.640145465037567,458.34978442375404,660000,-0.1574001028071507,-1.0920706820990431,-18.47596334367844,-3.6865142474735526,18.84015946784355,0,0,0,0,0,7,7,1,1
180,2013,7,11,21,41464.875,86.73672889440275,5.9061411137705,361,345,997.8450216082518,1005.8450216082518,8.0,14.571589464404191,3.0923750315260987,452.89174524347436,644375,0.5368453561270143,3.7254144440353114,-9.671972342261771,-7.036751716892607,11.960891426422519,0,0,0,0,0,7,7,1,1
180,2013,7,12,0,41465.0,86.75212623519063,1.9749340108819766,360,345,998.8671543189885,1008.8671543189885,10.0,14.425549277284327,3.039331946980019,671.8654681886755,1418125,1.0221327107366234,7.09293600845697,-8.25369887178824,0.5707020598101875,8.273405943577895,0,0,0,0,0,6,6,1,1
180,2013,7,12,3,41465.125,86.95937044872575,-6.34019174590991,358,346,1000.0635694457413,1010.0635694457413,10.0,14.133008244098363,2.357697212742496,775.3759072408909,1888750,1.196415126752836,8.300693100453053,-16.333882556633977,7.681501707182264,18.04996365235553,0,0,0,0,0,6,6,1,1
180,2013,7,12,6,41465.25,87.09423491173764,-15.642246457208728,356,347,1001.926469905967,1007.926469905967,6.0,12.906781320546159,1.520818282930195,491.84907593659347,760000,1.8629004602256465,12.923168802166872,-17.45896302907787,4.9987480238551525,18.160475540489124,0,0,0,0,0,7,7,1,1
180,2013,7,12,9,41465.375,86.48526728118168,-52.76516601842533,347,350,1003.6868532838039,1009.6868532838039,6.0,12.418370631770536,1.7826564615384268,588.0171033797764,1086250,1.7603833778369882,12.219277437956867,-82.89101230523745,-22.571370336193464,85.90917692447427,0,0,0,0,0,8,8,1,1
180,2013,7,12,12,41465.5,86.23726337335407,-59.62087398863166,345,351,1005.4530369184301,1007.4530369184301,2.0,10.889573462874305,1.688174455676999,275.3135333533663,238125,1.7661836346262134,12.262913593104486,-16.665832118338496,-9.192258779484893,19.032802780086282,0,0,0,0,0,6,6,1,1
180,2013,7,12,15,41465.625,86.23726337335407,-67.24902365721238,344,353,1006.3058145760426,1006.3058145760426,0.0,9.749758929750609,1.4101661443162448,14.104739588693906,625,0.8527776576124597,5.920980426049989,-18.540971070423755,0.0,18.540971070423755,0,0,0,0,0,8,8,1,1
180,2013,7,12,18,41465.75,85.5985029873522,-82.69424046668918,340,357,1007.2173741835812,1007.2173741835812,0.0,8.372935182239672,1.0014921828720253,14.104739588693906,625,0.9115596075386566,6.3341512296017735,-43.80263079795816,-23.6756380883097,49.791628851754325,0,0,0,0,0,7,7,1,1
180,2013,7,12,21,41465.875,85.5985029873522,-82.69424046668918,340,357,,,,8.372935182239672,,0.0,0,0.0,,0.0,0.0,0.0,0,3,0,0,0,7,7,0,0
183,2013,7,9,3,41462.125,65.14699023019789,-126.50562421019102,271,425,1000.0573695704857,1002.0573695704857,2.0,11.748683837435516,11.216942868999977,159.57691216057307,80000,-0.4096405424426484,-3.1277356042552413,0.0,0.0,0.0,2,0,0,2,0,15,15,1,1
183,2013,7,9,6,41462.25,65.14699023019789,-126.50562421019102,271,425,1000.6263541565438,1010.6263541565438,10.0,12.100197078988062,11.268209384938382,933.3672212742753,2736875,0.5689845860582136,4.344377969707092,0.0,0.0,0.0,0,0,2,0,0,12,12,1,3
183,2013,7,9,9,41462.375,64.91030920068303,-125.47774499007478,269,424,1000.8945295575924,1010.8945295575924,10.0,12.623148364802262,6.978047101415797,908.743754293845,2594375,0.26817540104850196,2.0515471884203724,16.15489893902547,-8.772576571687518,18.383113431523153,0,0,0,0,0,11,11,1,2
183,2013,7,9,12,41462.5,64.72286092346488,-125.1806993612421,268,424,1001.3775453961388,1011.3775453961388,10.0,12.970796140710263,6.145887823042285,875.6305946831721,2408750,0.4830158385464165,3.7007694965674056,4.701229076817731,-6.94776581164037,8.388861937480868,0,0,0,0,0,12,12,1,2
183,2013,7,9,15,41462.625,64.85455706156387,-124.76022537095987,268,423,1001.396993384638,1007.396993384638,6.0,13.531999490158668,6.143469061424549,423.14218766081717,562500,0.01944798849930521,0.14884538594893207,6.6222671368970225,4.881314138429173,8.226885786885267,0,0,0,2,0,12,12,1,1
183,2013,7,9,18,41462.75,64.85455706156387,-124.76022537095987,268,423,1001.0886815212746,1009.0886815212746,8.0,14.108509300791708,7.380281283200311,580.5261337761534,1058750,-0.30831186336348765,-2.359668111517662,0.0,0.0,0.0,0,0,0,0,0,11,11,1,1
183,2013,7,9,21,41462.875,65.36265465675955,-124.92752216256106,270,422,1002.3905690952732,1008.3905690952732,6.0,12.83224325625494,5.749417825621785,550.4463851377315,951875,1.3018875739986833,9.92309474984603,-2.5849689323731724,18.832624942020253,19.00920373366906,0,0,0,0,0,9,9,1,1
183,2013,7,10,0,41463.0,62.55860938892568,-123.23171106797936,258,426,1002.8548250102526,1008.8548250102526,6.0,11.724701941196818,8.925837690149711,631.0984432618005,1251250,0.4642559149794397,3.6242501573638264,28.9654205266644,-103.93186928826962,107.89267370883194,0,0,0,0,0,8,8,1,1
183,2013,7,10,3,41463.125,62.55860938892568,-123.23171106797936,258,426,1002.7502028820054,1008.7502028820054,6.0,11.6330554877432,10.00191195464351,630.3098656162251,1248125,-0.1046221282472834,-0.8167408373908337,0.0,0.0,0.0,0,0,0,0,0,10,10,1,1
183,2013,7,10,6,41463.25,62.238747055154484,-123.36636600105957,257,427,1003.1719493611474,1009.1719493611474,6.0,11.423430616973924,11.889720887392759,600.2391210378395,1131875,0.4217464791420207,3.3020205165570298,-2.3247406284933287,-11.855689580015081,12.081464911485101,0,0,0,1,0,11,11,1,2
183,2013,7,10,9,41463.375,61.656917300740126,-122.61153684669146,254,427,1002.9568735119334,1008.9387607263884,5.981887214455055,11.065309264593585,9.032933794283018,576.0538658377372,1042500,-0.21507584921404488,-1.6930511085616933,13.28235395812665,-21.565505620575454,25.32769155173906,0,0,0,0,0,12,11,2,0
183,2013,7,10,12,41463.5,62.43707804103067,-117.0906857835356,251,415,1002.260267478403,1008.260267478403,6.0,11.563485316493432,4.5073670895881515,496.87936712174184,775625,-0.6966060335304064,-5.444118111484681,94.65820032939878,28.91663876252367,98.97649663896414,0,0,1,0,0,8,8,1,1
183,2013,7,10,15,41463.625,62.331139509317794,-117.50767547488957,251,416,1001.9774779103171,1007.9774779103171,6.0,11.518612101780299,4.077917188883803,525.8628277623055,868750,-0.2827895680858637,-2.2121968712672766,-7.1770143440814085,-3.9266090875486612,8.180940888526822,0,0,0,0,0,8,8,1,1
183,2013,7,10,18,41463.75,63.36681795741155,-116.45633066332806,254,412,1001.8314015956582,1007.8314015956582,6.0,10.45828765126008,3.2361126890331797,586.4926433957708,1080625,-0.14607631465885787,-1.1321762080263769,17.468287709679068,38.38739635437888,42.17503140931024,0,0,0,0,0,7,7,1,1
183,2013,7,10,21,41463.875,63.1524732783432,-115.16260979545255,252,410,1000.9716306767534,1004.9716306767534,4.0,9.522373512529116,5.080383030864832,466.7368941459757,684375,-0.8597709189048328,-6.676295468324501,21.65548885217675,-7.944680288552159,23.066819076631713,0,0,0,0,0,5,5,1,1
183,2013,7,11,0,41464.0,62.95318732340626,-117.10051016264252,253,414,1001.1181425087541,1005.1181425087541,4.0,8.978805085667338,3.2954844064917417,551.8901814148488,956875,0.1465118320006877,1.1397075178914111,-32.66037785761646,-7.3865290468344735,33.48523694349516,0,0,0,0,0,11,11,1,1
183,2013,7,11,3,41464.125,63.160240000585446,-116.24134965215777,253,412,1000.7687060688556,1002.7687060688556,2.0,8.45434835561317,3.5252950703421813,408.7941905733129,525000,-0.34943643989841805,-2.7132586446032168,14.377702622515416,7.67440241683295,16.29769263291519,0,0,0,0,0,10,10,1,1
183,2013,7,11,6,41464.25,63.160240000585446,-116.24134965215777,253,412,1001.1279396552372,1003.1279396552372,2.0,8.028237134226735,3.5258977847735515,472.66663872675434,701875,0.35923358638159697,2.7893302540657463,0.0,0.0,0.0,0,0,0,0,0,9,9,1,1
183,2013,7,11,9,41464.375,62.924277671131435,-119.24047783310714,255,418,1000.160067859148,1002.160067859148,2.0,10.241462807566302,5.50119917112228,426.6538012972055,571875,-0.9678717960893118,-7.530962709656555,-50.59304651010631,-8.745937971506105,51.34342982481023,0,0,0,0,0,8,8,1,1
183,2013,7,11,12,41464.5,62.631002698054,-118.36488084221264,253,417,1000.017540398385,1002.017540398385,2.0,9.986612320687398,4.768487470847176,575.1898277545226,1039375,-0.14252746076293987,-1.1119231441638318,14.91960764533658,-10.870229706010186,18.459593336588213,0,0,0,0,0,8,8,1,1
183,2013,7,11,15,41464.625,62.85116655117894,-116.45835524917574,252,413,999.3074727302342,999.3074727302342,0.0,9.790986209239103,6.034818275345751,14.104739588693906,625,-0.7100676681508776,-5.5286122929378045,32.243655173251575,8.160367832670657,33.26026010265162,0,0,0,3,0,14,14,1,1
183,2013,7,11,18,41464.75,61.13479604853376,-112.84455312766494,242,409,997.7686921554522,997.7686921554522,0.0,8.630954607226377,2.980041492129021,14.104739588693906,625,-1.5387805747819947,-12.173438534950083,64.65404616163597,-63.61723071217194,90.70445263908861,0,0,0,0,0,11,11,1,1
183,2013,7,11,21,41464.875,60.580014394303184,-111.9242737287184,239,408,,,,10.226351611010173,,0.0,0,-1.761157700632466,,16.755020663002608,-20.56296844863846,26.524825896456797,0,2,2,0,0,10,9,0,0
192,2013,7,9,3,41462.125,46.81282624933464,172.51606325187558,384,546,1002.7639030562859,1002.7639030562859,0.0,8.236663577894518,2.273026911892375,14.104739588693906,625,,,,,,3,0,0,0,0,25,25,1,1
192,2013,7,9,6,41462.25,47.32306995938004,172.74124916352238,383,544,1002.447915598447,1002.447915598447,0.0,8.760272841391593,2.2360935990614963,14.104739588693906,625,-0.3159874578389281,-2.9777778391995526,5.657794424735917,18.912170636448757,19.740335253858465,0,0,0,0,0,20,20,1,1
192,2013,7,9,9,41462.375,48.070715583958886,172.93327028359892,382,541,1003.2010687970862,1003.2010687970862,0.0,9.121870025147489,2.009240989097525,14.104739588693906,625,0.7531531986391928,7.013720483096219,4.7558424062983224,27.7114667937232,28.11660414867288,0,0,0,0,0,18,18,1,1
192,2013,7,9,12,41462.5,48.33863793655324,173.20729935549343,381,540,1003.8279928536639,1005.8279928536639,2.0,9.42503438855409,1.8297285358581576,387.55964385237047,471875,0.6269240565777,5.813860370200888,6.751546308822922,9.930535447722113,12.008285133133949,0,0,0,0,0,17,17,1,1
192,2013,7,9,15,41462.625,49.08238633172671,173.41192941952588,380,537,1004.0357674349397,1006.0357674349397,2.0,9.643254229042885,1.687269283037676,345.78194139918065,375625,0.2077745812757348,1.9049830203282756,4.967713254234793,27.567016081107464,28.011043368506243,0,0,0,0,0,18,18,1,1
192,2013,7,9,18,41462.75,49.767832576658954,172.9760343038434,381,534,1005.1072602139379,1007.1072602139379,2.0,9.32725201396753,1.4985864486636273,340.8564337915358,365000,1.071492778998363,9.723858639905275,-10.435211399280448,25.40604830800987,27.465631752730605,0,0,0,0,0,18,18,1,1
192,2013,7,9,21,41462.875,50.27141468865958,173.22272242019554,380,532,1006.2439232775145,1008.2439232775145,2.0,9.189706755291954,1.5661262569506653,331.08604176942123,344375,1.1366630635764159,10.239539180641513,5.844072931008648,18.66525866780707,19.558759407464855,0,0,0,0,0,15,15,1,1
192,2013,7,10,0,41463.0,50.74557503110286,173.1439759447947,380,530,1006.5023677978196,1010.5023677978196,4.0,9.481686100470494,1.7247732871011976,483.48611424344057,734375,0.2584445203052019,2.3123530037174613,-1.8468744039672182,17.57474149857987,17.671516171679627,0,0,0,0,0,14,14,1,1
192,2013,7,10,3,41463.125,50.98234895707538,173.1039158053465,380,529,1007.2628058678878,1011.2628058678878,4.0,9.142806722075001,2.045013136598718,482.25010170349583,730625,0.7604380700681941,6.780945477187666,-0.9347880271146412,8.776019776619366,8.82566438152115,0,0,0,0,0,19,19,1,1
192,2013,7,10,6,41463.25,51.21892023465778,173.06338706982606,380,528,1007.8111933757831,1011.8111933757831,4.0,8.562280553602237,1.8043045783104756,490.83683144743384,756875,0.5483875078952406,4.873792897738824,-0.9408954509141362,8.768508618994924,8.818845029307363,0,0,0,0,0,21,21,1,1
192,2013,7,10,9,41463.375,51.27368447796199,173.7344606932963,378,528,1009.3829843675668,1011.3829843675668,2.0,8.041656004837375,1.5795475487453223,327.46090286958605,336875,1.5717909917837825,13.958575866606653,15.560725290153666,2.029835338985345,15.692558843573652,0,0,0,0,0,20,20,1,1
192,2013,7,10,12,41463.5,51.46375413693689,177.11215636523872,368,528,1009.681053667285,1013.681053667285,4.0,9.456595674380408,2.1175237578762607,495.07435033691536,770000,0.29806929971819046,2.640050139152625,77.99028148464244,7.0449272623568,78.30782212643676,0,0,0,0,0,14,14,1,1
192,2013,7,10,15,41463.625,51.722662303609056,177.7776967675289,366,527,1009.7440318143216,1013.7440318143216,4.0,9.058472070144973,1.8471337711711384,498.4783394513965,780625,0.0629781470366288,0.5558133486953228,15.281145860660756,9.596424866929702,18.04452241100928,0,0,0,0,0,13,13,1,1
192,2013,7,10,18,41463.75,52.219109555615134,178.78848736820945,363,525,1010.1607298352051,1014.1607298352051,4.0,8.986385454981583,1.6363060145866624,497.4795840111404,777500,0.4166980208834866,3.6527288952461805,22.95245861409628,18.4008052565697,29.417766579433007,0,0,0,0,0,12,12,1,1
192,2013,7,10,21,41463.875,52.671814657324795,-177.72338501802918,353,523,1010.0345190187845,1014.0345190187845,4.0,10.314793034711819,1.4524161520204506,446.0310290381928,625000,-0.12621081642064383,-1.0996496058381964,-78.38956992260063,16.7795035254075,80.16530678048613,0,0,0,0,0,9,9,1,1
192,2013,7,11,0,41464.0,53.110180205948886,-176.63353933657018,350,521,1008.9730122474514,1012.9730122474514,4.0,10.954146143511526,3.036791090442275,378.7326134115871,450625,-1.061506771333079,-9.195316816017804,24.248063349562106,16.24800834091911,29.188462639388085,0,0,0,0,0,17,17,1,1
192,2013,7,11,3,41464.125,53.31558449008716,-175.90169874391773,348,520,1008.6673460028393,1014.6673460028393,6.0,10.90909296562704,2.9070582615699094,512.0622703772439,823750,-0.30566624461207537,-2.640749555414481,16.204985659872015,7.61330476907788,17.90430031426868,0,0,0,0,0,17,17,1,1
192,2013,7,11,6,41464.25,53.51458434042148,-175.16204475884004,346,519,1007.9135957528139,1013.9135957528139,6.0,10.971137918185427,2.8848864024013894,498.4783394513965,780625,-0.7537502500254777,-6.495126086875258,16.301536147003745,7.375924586734315,17.89257790988379,0,0,0,0,0,14,14,1,1
192,2013,7,11,9,41464.375,53.53379613215863,-175.51889425189114,347,519,1008.4163334609495,1014.4163334609495,6.0,10.240656392766224,2.999342949392958,519.2000432029043,846875,0.5027377081356826,4.331057184073967,-7.861212527493854,0.7120845909743921,7.893397675724281,0,0,0,0,0,13,13,1,1
192,2013,7,11,12,41464.5,53.51458434042148,-175.16204475884004,346,519,1008.3485563885546,1014.3485563885546,6.0,9.959772732645476,2.871471461209512,540.4158774255509,917500,-0.06777707239496522,-0.5840404444173537,7.864778749874098,-0.7120845909743921,7.896949363467791,0,0,0,0,0,14,14,1,1
192,2013,7,11,15,41464.625,53.47175832183221,-174.44950021041706,344,519,1008.402527388999,1014.402527388999,6.0,9.257744301332322,2.377486033848836,589.5376213414429,1091875,0.05397100044443505,0.4653297812118853,15.719932517411747,-1.5873453318374067,15.799871630949578,0,0,0,0,0,18,18,1,1
192,2013,7,11,18,41464.75,52.97718702520445,-174.16649241526486,343,521,1009.4487083474227,1013.3195555503182,3.870847202895529,8.33200624641248,1.8326485217585287,511.0900608988334,820625,1.046180958423647,9.078397016877355,6.316176187298683,-18.33127301634279,19.388905385005526,0,0,0,0,0,16,15,2,0
192,2013,7,11,21,41464.875,52.00873861365358,-173.96396348333155,342,525,1010.5678426419987,1013.3418484526508,2.7740058106520156,7.7650772955014125,2.0021245855146117,519.0084211099401,846250,1.1191342945760698,9.838274520228664,4.620700663270339,-35.895516693812716,36.19169785096209,0,0,0,0,0,16,15,2,0
192,2013,7,12,0,41465.0,52.00873861365358,-173.96396348333155,342,525,,,,7.7650772955014125,,0.0,0,0.0,,0.0,0.0,0.0,0,3,0,0,0,16,15,0,0
201,2013,7,5,21,41458.875,44.75554934078447,104.28366355650033,550,408,990.2285522516121,996.2285522516121,6.0,10.752963933100096,11.61610903293331,418.6518614313685,550625,,,,,,3,0,0,0,0,9,9,1,3
201,2013,7,6,0,41459.0,44.63418489019373,106.96379151825606,548,417,992.5761437425731,998.5761437425731,6.0,8.915335863173386,4.927044831102976,493.86734077921125,766250,2.347591490960913,23.14988048120033,70.68705766634903,-4.498370393564766,70.83004629197593,0,0,1,0,0,11,11,1,1
201,2013,7,6,3,41459.125,43.87573893268757,107.89187712919822,550,421,989.9021933661794,997.9021933661794,8.0,10.687974595767674,6.509328787624691,593.5732939323359,1106875,-2.6739503763936225,-26.72884278037795,24.7965443033129,-28.11178086958647,37.485208189975516,0,0,0,0,0,10,10,1,1
201,2013,7,6,6,41459.25,44.33924770037518,108.98321705922622,547,424,986.7512396725364,994.7512396725364,8.0,12.571399991421405,8.0866688118576,500.6685883593409,787500,-3.1509536936430957,-31.235197820914856,28.930547641585367,17.17994114071138,33.64709444276502,0,0,0,0,0,7,7,1,1
201,2013,7,6,9,41459.375,45.946696723249424,109.66387771289189,540,424,984.1514346125481,994.1514346125481,10.0,13.786112649081979,12.747649823594257,537.6478079474099,908125,-2.5998050599882845,-25.062122346563754,17.54212965262545,59.580058727789385,62.1088537227693,0,0,0,0,0,12,12,1,1
201,2013,7,6,12,41459.5,44.47110892758974,110.26778832886407,545,428,984.804830458998,994.804830458998,10.0,14.46489581643216,12.377939182887784,538.2025607773058,910000,0.6533958464500028,6.461868957572709,15.973222530323488,-54.69262556532807,56.97742648832441,0,0,0,0,0,15,15,1,1
201,2013,7,6,15,41459.625,44.488383527771596,111.82832154614492,543,433,987.4320785090845,997.4320785090845,10.0,12.89189323899127,10.954167874094637,635.4963950296527,1268750,2.627248050086491,25.974638774416174,41.262801168616306,0.6402826333450916,41.26776856253954,0,0,0,0,0,20,20,1,1
201,2013,7,6,18,41459.75,44.24576666590309,113.27432844641888,542,438,989.2550729908769,997.9577559499427,8.702682959065715,11.400516287798451,13.496166403569369,701.4183614882215,1545625,1.8229944817924115,18.101471757896515,38.39333673907456,-8.992588052733623,39.432409840715295,0,0,0,1,0,19,20,2,0
201,2013,7,6,21,41459.875,47.4725374424582,116.77239326176874,525,443,988.664380991543,998.664380991543,10.0,13.678254288672846,9.111430921729333,733.3108235746569,1689375,-0.5906919993339398,-5.55317884587308,87.63252742426072,119.600179932617,148.26888717016178,0,0,1,0,0,16,16,1,1
201,2013,7,7,0,41460.0,48.107588262325045,117.89727103094764,521,445,989.9881945110872,999.9881945110872,10.0,13.462936105182264,6.6896511977969935,767.7695751178262,1851875,1.323813519544201,12.320861439711667,27.839963374075232,23.538143110220275,36.45692995504504,0,0,0,0,0,12,12,1,1
201,2013,7,7,3,41460.125,49.351650756799565,119.52474491083616,514,447,989.8192625189997,997.8192625189997,8.0,12.594180441847646,7.1424686893115,677.6149428843183,1442500,-0.168931992087455,-1.5425878779963613,39.2940591242076,46.1111459381136,60.58267790534464,0,0,0,0,0,13,13,1,1
201,2013,7,7,6,41460.25,50.02170804493563,121.18866520813833,509,450,988.4364994396333,998.4364994396333,10.0,13.236326257565715,12.763989756810695,778.0653023916417,1901875,-1.3827630793664138,-12.50191124589984,39.62402608933358,24.835657000647267,46.764017173271036,0,0,0,0,0,12,12,1,1
201,2013,7,7,9,41460.375,50.25216058580318,122.54704720616779,506,453,986.7174262433326,994.7174262433326,8.0,14.677138506502596,17.908522692092156,387.302896792822,471250,-1.719073196300742,-15.490461710859037,32.192822327543766,8.54171779227319,33.30673734029853,0,0,0,0,0,11,11,1,1
201,2013,7,7,12,41460.5,50.52242323210734,124.38034472384487,502,457,987.517626046334,997.517626046334,10.0,15.081108448469516,15.83323050227242,482.0437914901168,730000,0.8001998030014511,7.182455612004242,43.20061095937004,10.017278376851703,44.34679980948099,0,0,0,0,0,13,13,1,1
201,2013,7,7,15,41460.625,51.78939479039236,128.20530157148303,491,463,987.2640257151174,999.2640257151174,12.0,15.600181357018025,7.726364193589324,628.0965810996232,1239375,-0.2536003312165849,-2.2360949346911525,87.68351843015527,46.96026982808146,99.4669108126798,0,0,0,0,0,14,14,1,1
201,2013,7,7,18,41460.75,52.92905880264904,130.00866674247547,484,464,986.3139230934039,1000.3139230934039,14.0,16.59788876960566,7.732206283930646,768.2876383178808,1854375,-0.950102621713595,-8.249891668417343,40.29133659327572,42.24161874744171,58.37590392342425,0,0,0,0,0,14,14,1,1
201,2013,7,7,21,41460.875,53.110180205948886,130.2363583092738,483,464,985.7928399064805,999.7928399064805,14.0,17.517286112412673,11.244289661946386,633.9292005476918,1262500,-0.5210831869233516,-4.513890180128641,5.065974521470577,6.713260384562081,8.41022965460038,0,0,0,0,0,18,18,1,1
201,2013,7,8,0,41461.0,53.62405935398611,130.42607874009914,481,463,986.3218828679002,998.3218828679002,12.0,16.846642506795366,17.23875331809846,494.67234105394357,768750,0.5290429614196183,4.5523808262424055,4.170533277979542,19.046918056722586,19.498164920890368,0,0,0,0,0,16,16,1,1
201,2013,7,8,3,41461.125,53.982561290811326,130.89612452736304,479,463,987.6444848205716,997.6444848205716,10.0,14.552708805264857,14.965399485985978,485.5391430717712,740625,1.3226019526715391,11.328911940851508,10.244803844440899,13.287865522404077,16.77865834781095,0,0,0,0,0,16,16,1,1
201,2013,7,8,6,41461.25,54.181720980281305,131.64866893207625,477,464,988.4423884361452,998.0326606478075,9.590272211662377,13.331816958735324,22.03743848111757,559.0532349398486,981875,0.7979036155734502,6.817356172976039,16.323387229483355,7.381849020389339,17.914928568193716,0,0,0,1,0,18,20,2,0
201,2013,7,8,9,41461.375,53.707092624470256,137.5448043798131,467,477,987.9125680096005,995.9125680096005,8.0,14.425618108246013,11.981936539743328,372.10858696078077,435000,-0.5298204265446111,-4.554213995926423,129.3197345638316,-17.59208840261269,130.51082453967257,0,0,1,0,0,22,22,1,1
201,2013,7,8,12,41461.5,54.9804231770482,139.21694282916857,460,476,988.9163656720132,996.9163656720132,8.0,13.523950302204371,8.334912935117172,411.2202901549713,531250,1.0037976624126896,8.491926384338948,35.565487065811425,47.19596579606026,59.09621864088505,0,0,0,0,0,21,21,1,1
201,2013,7,8,15,41461.625,55.46542580377403,139.54199568026675,458,475,987.6821361807993,997.6821361807993,10.0,14.798748249562587,10.841733727812679,502.8492973419061,794375,-1.2342294912139187,-10.380136239862134,6.830089491305201,17.97661050039894,19.230409448118653,0,0,0,0,0,19,19,1,1
201,2013,7,8,18,41461.75,55.64396866578301,139.2958405112715,458,474,986.557702072096,996.557702072096,10.0,15.60716640041603,17.908762537549773,463.9580374686793,676250,-1.1244341087032808,-9.43654306632665,-5.1488281258577775,6.617686814665795,8.384760571812748,0,0,0,0,0,20,20,1,1
201,2013,7,8,21,41461.875,55.76864970788748,140.1213165107786,456,475,985.3769062704413,997.3769062704413,12.0,17.05938779456247,17.405199242366507,514.3880761548386,831250,-1.180795801654749,-9.894849372049876,17.211384288793635,4.621299776924407,17.821003360213304,0,0,0,0,0,24,24,1,1
201,2013,7,9,0,41462.0,56.216080335136446,141.00900595749454,453,475,985.8465541097132,997.8465541097132,12.0,16.43386573679618,11.68973364438185,572.7635868734754,1030625,0.4696478392719291,3.9148801294648594,18.295542155993868,16.584005258492716,24.693239827844845,0,0,0,0,0,24,24,1,1
201,2013,7,9,3,41462.125,56.46955247562012,142.1590804230768,450,476,986.3923000755411,998.3923000755411,12.0,15.258316811519885,8.04983339083039,672.3094811029982,1420000,0.545745965827955,4.535836656474462,23.546295593270894,9.39493868917379,25.35138870237729,0,0,0,0,0,24,24,1,1
201,2013,7,9,6,41462.25,57.083239320336084,142.8533133019782,447,475,986.6396942088572,1000.6396942088572,14.0,14.327465439885927,6.942665714325485,1048.8844283917683,3456250,0.24739413331612015,2.04178272453225,13.98307457480576,22.746287893640705,26.70056155785801,0,0,0,0,0,19,19,1,1
201,2013,7,9,9,41462.375,57.363762953029465,143.48894388050473,445,475,986.9721441308525,998.9721441308525,12.0,14.322738621074969,8.00085976288341,784.3046952876003,1932500,0.33244992199528495,2.7351255488233575,12.705745500636027,10.397601586468806,16.41785879698907,0,0,0,0,0,17,17,1,1
201,2013,7,9,12,41462.5,57.69074369127519,143.5729983636114,444,474,988.6982932556633,1002.6982932556633,14.0,13.406053384249445,7.933632524407367,1167.374918449233,4281250,1.7261491248107632,14.149856449937452,1.6651879518496446,12.119533067805488,12.233394160927535,0,0,0,0,0,16,16,1,1
201,2013,7,9,15,41462.625,58.06545178423842,143.08938041395297,444,472,989.4489642415482,1001.4489642415482,12.0,12.80027322303129,7.452608756923509,981.3696293368935,3025625,0.7506709858849354,6.1283018968506555,-9.481563258953594,13.888546303389596,16.816413418292722,0,0,0,0,0,17,17,1,1
201,2013,7,9,18,41462.75,58.251773774334325,142.84342107495064,444,471,990.705507185704,1002.705507185704,12.0,11.926960096237224,7.675788861298933,1122.9002790299505,3961250,1.256542944155808,10.23742616149765,-4.796974411567577,6.906020006994116,8.408571569668485,0,0,0,0,0,17,17,1,2
201,2013,7,9,21,41462.875,58.43739609854171,142.59464336859145,444,470,992.3155443778871,1004.3155443778871,12.0,10.805795615755184,8.387640455114598,1219.958057306925,4675625,1.6100371921830812,13.091273291769035,-4.8265126031188945,6.880086907944458,8.4042144052216,0,0,0,0,0,14,14,1,2
201,2013,7,10,0,41463.0,58.43739609854171,142.59464336859145,444,470,995.0465703331888,1005.0465703331888,10.0,8.186596030569989,8.065166120932554,1256.668183264513,4961250,2.7310259553017384,22.206075313882657,0.0,0.0,0.0,0,0,0,0,0,12,12,1,2
201,2013,7,10,3,41463.125,63.088476559802594,138.74616204960364,438,449,996.8477494969778,998.8477494969778,2.0,8.155868448550432,6.6296392205813754,246.32868702971868,190625,0.316610043477267,2.4599334917019715,-0.7549868205237432,-12.057943946795739,12.081556908082359,0,0,0,0,2,13,13,1,1
201,2013,7,10,6,41463.25,64.4085499269754,138.2194948968528,435,444,997.6998796744671,999.6998796744671,2.0,7.996734733677727,5.668952273002287,236.85885552348068,176250,0.8521301774893072,6.545903896986533,-8.432053639628048,48.92848707607227,49.649736919090884,0,0,0,0,0,14,14,1,1
201,2013,7,10,9,41463.375,64.4085499269754,138.2194948968528,435,444,,,,7.996734733677727,,0.0,0,0.0,,0.0,0.0,0.0,0,3,0,0,0,14,14,0,0
222,2013,7,8,15,41461.625,55.37722718068497,-98.50283915585753,209,382,1006.8502476904122,1008.8502476904122,2.0,8.359718333651058,4.254401474991682,253.88531259649034,202500,,,,,,3,0,0,0,0,11,11,1,1
222,2013,7,8,18,41461.75,56.050638996069296,-95.95879056324117,211,375,1005.9347934687218,1009.9347934687218,4.0,9.139335232550598,3.689059565529752,356.5459448579543,399375,-0.915454221690452,-7.645825507836137,52.65706097956694,24.95999247107944,58.27321250078953,0,0,0,0,0,11,11,1,1
222,2013,7,8,21,41461.875,56.329936191881394,-95.22945077349117,212,373,1005.7803991674606,1009.7803991674606,4.0,8.61563158219613,1.7411794008454309,359.6017119844745,406250,-0.15439430126119988,-1.2852903918701426,14.987265112075937,10.352143733452616,18.214966248053024,0,0,0,0,0,13,13,1,1
222,2013,7,9,0,41462.0,56.8979233715932,-92.95077910900636,214,367,1004.8865790291912,1008.8865790291912,4.0,8.93049094505462,2.702027971078351,314.76015007415543,311250,-0.893820138269366,-7.392354697036,46.12360720734761,21.052430927701305,50.70100580642679,0,0,0,0,0,12,12,1,1
222,2013,7,9,3,41462.125,57.16086074392261,-91.78372115385585,215,364,1004.1782311719819,1010.1782311719819,6.0,9.997509193897978,4.48083055188923,390.6274461547149,479375,-0.7083478572093008,-5.840989245028694,23.457204628881076,9.745767276093844,25.401189515473117,0,0,0,0,0,12,12,1,1
222,2013,7,9,6,41462.25,57.40610653809334,-90.99808334340771,216,362,1003.1979914037627,1009.1979914037627,6.0,11.29659915541086,7.323087117404356,325.6331998352982,333125,-0.9802397682191804,-8.060796700450705,15.686112751325044,9.09002936423368,18.12961022995014,0,0,0,0,0,10,10,1,1
222,2013,7,9,9,41462.375,57.644790596210555,-90.2010369978346,217,360,1002.3823129825604,1010.3823129825604,8.0,11.89015924644204,8.314043714861691,424.7845533095999,566875,-0.8156784212023195,-6.689800504021648,15.81006959506197,8.84681877785653,18.11696727073651,0,0,0,0,0,9,9,1,1
222,2013,7,9,12,41462.5,57.639870474301816,-88.99491399474583,217,357,1002.4643385200626,1008.4643385200626,6.0,11.872870591636785,7.527398811389212,343.1831258788849,370000,0.08202553750219523,0.6727704495118634,23.9275066836666,-0.18236419824159206,23.92820162063397,0,0,0,0,0,10,10,1,1
222,2013,7,9,15,41462.625,57.62839276203016,-88.19126067750794,217,355,1002.2702956394219,1008.2702956394219,6.0,11.2621931561657,6.0190838585249,375.0375727276702,441875,-0.19404288064077263,-1.5917346656995215,15.948323618363448,-0.4254211246981569,15.953996658185336,0,0,0,0,0,10,10,1,1
222,2013,7,9,18,41462.75,57.843790569574765,-87.3698873366424,218,353,1002.7308316188712,1008.7308316188712,6.0,9.874232386794311,7.608143883478406,476.64838325927485,713750,0.46053597944934155,3.768823696651118,16.203189204880495,7.983714469773759,18.063306373530587,0,0,0,0,0,9,9,1,1
222,2013,7,9,21,41462.875,57.819062000050494,-86.5623350076348,218,351,1002.8174937204598,1010.8174937204598,8.0,8.774698894724459,6.435859008622283,1179.6656448586439,4371875,0.0866621015885903,0.7093970312013709,15.941481358317628,-0.9165638247587917,15.967808777112936,0,0,0,0,0,7,7,1,1
222,2013,7,10,0,41463.0,57.98258323043749,-84.91589659040555,219,347,1002.1413669875343,1008.1413669875343,6.0,8.694411070025495,3.725994350608017,639.5531281654175,1285000,-0.676126732925477,-5.524726253717291,32.35335879192737,6.060910405903352,32.91617322939548,0,0,0,0,0,5,5,1,1
222,2013,7,10,3,41463.125,58.321895470890595,-82.79862326159547,221,342,1001.524090456987,1003.524090456987,2.0,8.689051834828534,2.920829057344963,222.56903656473068,155625,-0.6172765305472422,-5.025332169523518,41.2100559596299,12.576599895594747,43.086419869022556,0,0,0,0,0,6,6,1,1
222,2013,7,10,6,41463.25,58.57683211974898,-80.23164983236433,223,336,1000.4634831023307,1002.4634831023307,2.0,9.017345528413003,2.329393255794275,239.3653682408596,180000,-1.0606073546563857,-8.61099073467201,49.60117402627516,9.44922065627245,50.49320979890028,0,0,0,0,0,6,6,1,1
222,2013,7,10,9,41463.375,59.40982110841131,-79.10645394196281,227,334,998.5170893893431,1000.5170893893431,2.0,10.362453438800904,5.172515635190939,193.39444569737623,117500,-1.946393712987483,-15.665140217240307,21.22334829915139,30.87471649667752,37.46569940328491,0,0,0,0,0,8,8,1,1
222,2013,7,10,12,41463.5,59.45295315188953,-79.5240083331057,227,335,997.0763144618121,1007.0763144618121,10.0,11.04139110250759,4.761115120589893,985.3147481188747,3050000,-1.4407749275310198,-11.590618952070438,-7.865924415379449,1.5986881368636563,8.026740974231766,0,0,2,0,0,6,6,1,2
222,2013,7,10,15,41463.625,60.17888347789476,-77.49479994485374,231,331,996.101367690776,1008.0766201196645,11.975252428888634,11.001551051911287,3.1861484431058487,1218.7343871431187,4666250,-0.9749467710361932,-7.785578253421502,37.40126386147561,26.906589783070817,46.07406116450093,0,0,0,0,0,6,5,2,0
222,2013,7,10,18,41463.75,60.631845244412055,-77.30345104838725,233,331,995.1237774914221,1007.3390736148851,12.21529612346305,10.802559294580387,5.188336107760551,1132.602684669552,4030000,-0.9775901993538718,-7.771713501457031,3.4782213418777235,16.789016800226676,17.145527370757286,0,0,0,0,0,5,4,2,0
222,2013,7,10,21,41463.875,61.0313991705471,-76.66973514666302,235,330,993.8069853867621,1003.370312403283,9.563327016520924,11.370295050752834,5.096911730925422,863.9656724089153,2345000,-1.3167921046599804,-10.427656886729164,11.376226066455706,14.809456502377266,18.674542066966744,0,0,0,0,0,3,2,2,0
222,2013,7,11,0,41464.0,61.651375719550266,-75.90829112876739,238,329,992.5755213602948,1005.1655353137951,12.59001395350031,12.554205746318022,5.778123587903683,1008.1682673644398,3193125,-1.2314640264672925,-9.694441902143067,13.401153491892215,22.979415629251413,26.60158750103345,0,0,0,0,0,8,7,2,0
222,2013,7,11,3,41464.125,62.04170431821353,-75.23283923260942,240,328,991.0799726507922,1003.257251640394,12.177278989601763,13.713283811067448,5.872412021683995,879.0319952715896,2427500,-1.4955487095026183,-11.730548551294246,11.737360048997415,14.467519965211684,18.62994242781226,0,0,0,0,0,7,5,2,0
222,2013,7,11,6,41464.25,62.427604084573446,-74.53878225955809,242,327,990.2381406844837,1002.6996472099432,12.461506525459553,14.482213974039063,9.787696676783817,848.631909305104,2262500,-0.8418319663085276,-6.579656335591872,11.907343210047397,14.303365404180902,18.611047369973054,0,0,0,0,0,6,3,2,0
222,2013,7,11,9,41464.375,54.786519220998485,-70.15930191603165,214,307,983.2428271090107,1003.2428271090107,20.0,24.24239159399756,30.49164780617481,869.9320401054109,2377500,-1.4568201009325277,-12.353771666487468,27.604735655924877,35.54667785760183,45.00652994117199,0,0,0,0,2,3,3,1,2
222,2013,7,11,12,41464.5,55.332428944362164,-68.23350567051645,218,303,985.3025371081046,1002.4523851769618,17.149848068857246,23.058975068990446,19.790468288923147,794.1356697703707,1981250,2.0597099990939025,17.350367602915487,40.600425185479146,20.234130547991775,45.36314103184284,0,0,0,0,0,2,3,2,0
222,2013,7,11,15,41464.625,56.36003768171504,-66.29303081811213,224,300,985.031128611977,1003.3794895345786,18.348360922601568,23.785012287340262,13.750656621675661,856.2169448317658,2303125,-0.2714084961275512,-2.2586114454785395,39.84239556339776,38.088292723087186,55.119275455958544,0,0,0,0,0,4,5,2,0
222,2013,7,11,18,41464.75,60.66584831625144,-65.11672516845552,242,305,983.2906032859037,1003.2906032859037,20.0,24.170690941180993,6.340064231037977,842.7508134363225,2231250,-0.08888624867497129,-0.7063981969489346,9.930406321836358,23.464547340803882,25.479363250002816,0,0,0,0,2,2,2,1,2
222,2013,7,11,21,41464.875,61.701285559092504,-65.17685962711134,246,307,983.5124746195833,1003.5124746195833,20.0,23.797455511776665,8.187527037275578,833.8514002103238,2184375,0.22187133367959178,1.7458156241293699,-1.056642718683386,38.378456087585235,38.392999173047876,0,0,0,1,0,3,3,1,2
222,2013,7,12,0,41465.0,62.22933507472243,-64.16545651719089,249,306,983.7857780109044,1003.7857780109044,20.0,23.67486104265803,9.166468800568401,831.4621362728556,2171875,0.2733033913212421,2.1399857548439702,17.466572546854927,19.572142385054672,26.232611651823763,0,0,0,0,0,3,3,1,2
222,2013,7,12,3,41465.125,62.95318732340626,-63.97040780848654,252,307,983.0930889725635,1005.0930889725635,22.0,23.926837799070004,10.109575752865203,906.8810111736651,2583750,-0.69268903834105,-5.388390096402324,3.2873738350819957,26.82956589796611,27.030213336281452,0,0,0,0,0,3,3,1,1
222,2013,7,12,6,41465.25,63.36681795741155,-63.54366933667195,254,307,983.0690456824241,1005.0690456824241,22.0,23.481685614647258,9.047661253888727,924.3717329757619,2684375,-0.02404329013937968,-0.18634945112116572,7.090404706468374,15.331209335386632,16.89141256931921,0,0,0,0,0,4,4,1,1
222,2013,7,12,9,41465.375,63.88188371283389,-63.5457722427678,256,308,983.4825943514509,1005.4825943514509,22.0,22.817557312399583,7.585234843937359,947.7503416379676,2821875,0.4135486690267862,3.1909858045212696,-0.034312820617363446,19.09089963043719,19.09093046629958,0,0,0,0,0,5,5,1,1
222,2013,7,12,12,41465.5,64.08774889411607,-63.323261285024046,257,308,983.9728089810029,1003.9728089810029,20.0,22.183785538881402,7.072386091386216,881.9692649756216,2443750,0.4902146295520652,3.775921236165888,3.6040474259450197,7.63038791044674,8.438718949719364,0,0,0,0,0,3,3,1,1
222,2013,7,12,15,41465.625,64.39637657564383,-63.547958103422665,258,309,985.1164537632181,1005.1164537632181,20.0,20.568138196110304,7.665569541057556,982.3827086087581,3031875,1.1436447822152696,8.786158564438121,-3.5990483128828763,11.439277469319572,11.992089800303678,0,0,0,0,0,4,4,1,1
222,2013,7,12,18,41465.75,64.39637657564383,-63.547958103422665,258,309,986.4702696532113,996.4702696532113,10.0,19.058956096179145,9.192242144327466,518.2412242070033,843750,1.3538158899931296,10.400817860153165,0.0,0.0,0.0,0,0,0,0,0,3,3,1,1
222,2013,7,12,21,41465.875,64.39637657564383,-63.547958103422665,258,309,988.9997332307836,1002.9997332307836,14.0,16.85261592324527,8.653009638106596,890.7229599112725,2492500,2.5294635775723147,19.43284175395117,0.0,0.0,0.0,0,0,0,1,0,2,2,1,2
222,2013,7,13,0,41466.0,64.08774889411607,-63.323261285024046,257,308,991.5285957881088,1001.5285957881088,10.0,14.60150789254466,6.197248224878203,805.3299901900298,2037500,2.528862557325192,19.47878593968971,3.6394521422683974,-11.439277469319572,12.00427760908354,0,0,0,0,0,2,2,1,2
222,2013,7,13,3,41466.125,63.6735545738693,-62.66518620157924,256,306,993.7462095568708,1001.7462095568708,8.0,12.84404004479994,4.842545564288448,832.2991588410231,2176250,2.2176137687619484,17.142017548161494,10.817231154701284,-15.35210235214385,18.78029649619358,0,0,0,0,0,4,4,1,3
222,2013,7,13,6,41466.25,63.3629065983131,-62.45655813366688,255,305,996.2549855301529,998.2549855301529,2.0,10.879784824150429,4.5557607421999275,163.88226458881186,84375,2.508775973282172,19.445135399860256,3.466902975803526,-11.514159618084173,12.024778083372501,0,0,0,2,0,2,2,1,1
222,2013,7,13,9,41466.375,63.036219595964965,-61.17868361627966,255,302,998.8146228617562,1000.8146228617562,2.0,9.139875210507585,3.69476492021,172.74707473566775,93750,2.5596373316032985,19.89657826144235,21.475946125312653,-12.108645753943936,24.654321405624533,0,0,0,0,0,2,2,1,1
222,2013,7,13,12,41466.5,63.036219595964965,-61.17868361627966,255,302,,,,9.139875210507585,,0.0,0,0.0,,0.0,0.0,0.0,0,3,0,0,0,2,2,0,0
232,2013,7,10,3,41463.125,52.28801592705213,139.41750935153507,467,485,995.8428436702396,997.8428436702396,2.0,7.5639643517603234,6.321848763739618,251.9187042636836,199375,,,,,,3,0,0,0,0,18,18,1,1
232,2013,7,10,6,41463.25,52.23058659689129,140.39391050621228,465,487,995.693882727111,999.693882727111,4.0,7.795533552623567,6.474199993466098,507.9664865793169,810625,-0.1489609431286226,-1.305572507778157,22.165844579662384,-2.1286167181599884,22.267817025083048,0,0,0,0,0,19,19,1,2
232,2013,7,10,9,41463.375,50.453333682985,147.27472609526026,453,505,997.5925234912897,1001.5925234912897,4.0,8.965654060972621,2.232138289654249,655.9841289122108,1351875,0.33127462369899147,2.976422388284813,11.06658951054989,29.339681699619018,31.357396665379795,0,0,0,0,2,19,19,1,1
232,2013,7,10,12,41463.5,50.22604231823726,148.64071675629143,450,508,998.1993833157533,1004.1993833157533,6.0,10.186304552022191,2.07099370225922,770.485520780741,1865000,0.6068598244634632,5.470450555242869,32.390880000665916,-8.424548876688402,33.46852448186581,0,0,0,0,0,13,13,1,1
232,2013,7,10,15,41463.625,52.01587798731861,150.27647381929333,442,504,998.1107948220758,1004.1107948220758,6.0,10.66324227328433,1.7638571786492685,732.6322717280593,1686250,-0.08858849367738003,-0.7787028935335404,37.31309287077806,66.34021530977172,76.11367201055391,0,0,0,0,0,12,12,1,1
232,2013,7,10,18,41463.75,52.456421580200406,150.70863782901574,440,503,997.8253716193551,1005.8253716193551,8.0,11.087933155840098,1.3800980638987677,909.1814921584861,2596875,-0.28542320272070354,-2.494002596115034,9.760879152199642,16.32873749807376,19.023733337724373,0,0,0,0,0,11,11,1,1
232,2013,7,10,21,41463.875,53.215694873410754,151.29033923192523,437,501,997.7690261118134,1005.7690261118134,8.0,11.489788765901528,2.4356907298121224,829.7855581722981,2163125,-0.0563455075417005,-0.4874208452820313,12.910631787004418,28.14244604723235,30.962585206358217,0,0,0,0,0,8,8,1,1
232,2013,7,11,0,41464.0,53.85726099526233,151.57692208953685,435,499,996.8953076863035,1004.8953076863035,8.0,11.940542070233688,2.523200281626705,751.6648508319571,1775000,-0.8737184255100147,-7.495879694589938,6.2649497447056035,23.77963261897325,24.59106591421005,0,0,0,0,0,16,16,1,1
232,2013,7,11,3,41464.125,54.70435064365734,151.69924423399362,433,496,997.0646497946237,1001.0646497946237,4.0,10.928164761519218,3.189550277447415,354.86807227681413,395625,0.1693421083202702,1.4374702078395694,2.619648472389917,31.397357104882957,31.50645316900078,0,0,0,0,0,16,16,1,1
232,2013,7,11,6,41464.25,55.437552502520404,151.49489100506224,432,493,996.7247471918474,1002.7247471918474,6.0,10.267025715422989,3.559364711275629,476.02190099520215,711875,-0.3399026027762739,-2.8596118884415302,-4.296957016546723,27.17610897064398,27.51371909405136,0,0,3,0,0,13,13,1,1
232,2013,7,11,9,41464.375,55.962690765373466,151.4659142950827,431,491,996.756055947346,1002.756055947346,6.0,10.285577266618619,3.760206652936832,482.6624575733665,731875,0.0313087554986123,0.2617598870696935,-0.6011646191505242,19.464236872065637,19.473518323898173,0,0,0,0,0,12,12,1,1
232,2013,7,11,12,41464.5,56.48704031249545,151.43605922463567,430,489,996.3890290959508,1006.3890290959508,10.0,10.883485241336091,4.36556532982926,1113.8279855531214,3897500,-0.36702685139520325,-3.049838915316926,-0.6109697229015878,19.435003142779028,19.444604165735367,0,0,2,0,0,13,13,1,2
232,2013,7,11,15,41464.625,57.010615315198365,151.40528525793445,429,487,996.0728420320098,1006.0728420320098,10.0,10.508957057371623,3.8991893941243325,1055.9731625555603,3503125,-0.3161870639410336,-2.611686665764076,-0.6210578157691964,19.40629467282499,19.41622995689543,0,0,0,0,0,17,17,1,2
232,2013,7,11,18,41464.75,57.32797159731263,151.56436741271847,428,486,996.2600955419095,1006.2600955419095,10.0,9.969712415009681,3.855355482274317,1086.2481113205854,3706875,0.18725350989974687,1.5411853027704465,3.183036687110176,11.76280283662886,12.18586283875267,0,0,0,0,0,14,14,1,2
232,2013,7,11,21,41464.875,57.64479059621057,151.72647606631244,427,485,996.5495592663523,1006.5495592663523,10.0,9.304299302133462,3.7266209224063642,1112.9345643894233,3891250,0.28946372444275764,2.3740416803215014,3.2155761664567204,11.74288844735234,12.175194420182601,0,0,0,0,0,14,14,1,3
232,2013,7,12,0,41465.0,57.850387700432115,151.53483785734517,427,484,997.2725752408878,1007.2725752408878,10.0,7.801029258892855,3.387904773347546,1317.4914034239403,5453125,0.7230159745355195,5.916416190067737,-3.7797665027740712,7.620451640749833,8.506345750350132,0,0,0,0,0,14,14,1,2
232,2013,7,12,3,41465.125,64.48780808569829,151.73359421759588,413,459,996.5823897214577,1006.5823897214577,10.0,10.852406912985957,7.990139961342066,1284.7706813053526,5185625,-1.0813858626462751,-8.30151101675458,0.0,0.0,0.0,0,0,0,0,2,9,9,1,1
232,2013,7,12,6,41465.25,64.6900364689131,151.4915263059139,413,458,995.6641876264625,1003.6641876264625,8.0,11.37626649126691,9.722211723695946,919.8410005062225,2658125,-0.918202094995213,-7.036983270657878,-3.835766037748957,7.495590079006677,8.42003395057595,0,0,0,0,0,10,10,1,1
232,2013,7,12,9,41465.375,65.41737315254544,154.72888398827493,406,458,996.1444004462018,1004.1444004462018,8.0,12.556415147841383,5.2947312072171915,1027.9055785680512,3319375,0.4802128197392449,3.658621036411843,49.912032591307835,26.95871639413137,56.72727198636457,0,0,0,0,0,12,12,1,1
232,2013,7,12,12,41465.5,65.41737315254544,154.72888398827493,406,458,997.0238223160325,1003.0238223160325,6.0,11.733080763844287,6.006436945475871,802.3601091821032,2022500,0.879421869830694,6.700094667589881,0.0,0.0,0.0,0,0,0,0,0,11,11,1,1
232,2013,7,12,15,41465.625,65.20962451246942,154.95159069476324,406,459,996.8478698330119,1000.8478698330119,4.0,11.395692611635011,6.991193822601634,574.1512656775113,1035625,-0.17595248302051913,-1.3427739686401425,3.46115639985024,-7.70019826458663,8.442313482580898,0,0,0,0,0,15,15,1,1
232,2013,7,12,18,41465.75,66.18490367086025,157.44275336529435,400,457,996.8879434112736,1000.8879434112736,4.0,12.619133347094925,4.909739678273181,552.9705547452811,960625,0.04007357826165389,0.3034780455102988,37.281108226094815,36.14869815841144,51.92888800189865,0,0,0,0,0,13,13,1,1
232,2013,7,12,21,41465.875,66.27186062771402,157.945742289597,399,457,997.0063867522883,1001.0063867522883,4.0,12.632763822453873,3.5981174037251185,360.1545204768291,407500,0.11844334101479034,0.8963744865251132,7.501984672699483,3.223057479529891,8.165039714892485,0,0,0,0,0,11,11,1,1
232,2013,7,13,0,41466.0,66.4401001714765,158.96248897457818,397,457,996.7838307066817,1002.7838307066817,6.0,12.804581526159451,5.406137970665805,760.4796344808813,1816875,-0.22255604560676148,-1.6821314474432507,15.063090687209833,6.235794575794556,16.302816782464816,0,0,0,0,0,10,10,1,1
232,2013,7,13,3,41466.125,66.81559520411683,159.8026601534175,395,456,996.2691191093489,1002.2691191093489,6.0,13.243311035537541,6.109628933504573,610.9159856727393,1172500,-0.5147115973326436,-3.879309790127579,12.25983112219887,13.917714203279157,18.54740488017109,0,0,0,0,0,12,12,1,1
232,2013,7,13,6,41466.25,67.90817829313089,160.6410058243053,392,452,996.300115164918,1004.300115164918,8.0,13.57092047904864,5.032759128775942,1002.0323084766254,3154375,0.03099605556897586,0.2317624316713315,11.686315929614809,40.49656547866802,42.14904264126073,0,0,0,0,0,9,9,1,1
232,2013,7,13,9,41466.375,68.1234700951809,160.44540649654883,392,451,996.9038954835676,1002.9038954835676,6.0,13.042715234183898,3.146520872552574,608.9589620032832,1165000,0.6037803186496603,4.507718216417305,-2.7013614494286617,7.979785378708497,8.424626304514002,0,0,0,0,0,7,7,1,2
232,2013,7,13,12,41466.5,68.41448198652401,160.80871518425224,391,450,998.0229437822528,1004.0229437822528,6.0,12.113143300816823,3.8038512534017355,661.8715742955291,1376250,1.1190482986852295,8.337722674994485,4.954003427224647,10.786348636863659,11.869602641745175,0,0,0,0,0,10,10,1,1
232,2013,7,13,15,41466.625,68.62979778027959,160.61020992320582,391,449,998.0466892810581,1002.0466892810581,4.0,11.723566692361901,4.814111541356615,373.1763325901154,437500,0.02374549880521954,0.1766598068402108,-2.681050573170666,7.980674630689077,8.418978544741814,0,0,0,0,0,10,10,1,1
232,2013,7,13,18,41466.75,68.92013296113996,160.9843705911853,390,448,998.3831757878871,1002.3831757878871,4.0,11.249559210075017,5.824866724643726,371.573563554001,433750,0.3364865068290965,2.4984427545806818,4.987973480949945,10.761266379367298,11.861059545182329,0,0,0,0,0,9,9,1,1
232,2013,7,13,21,41466.875,69.13548586927509,160.78290482302134,390,447,999.444815868175,1001.444815868175,2.0,10.374644595737982,6.509585683880796,224.7925586661551,158750,1.0616400802879071,7.8714250490176845,-2.6595558782936144,7.98205027425992,8.413463261379286,0,0,0,0,0,8,8,1,1
232,2013,7,14,0,41467.0,69.56765445621242,162.36354692739172,387,446,1000.7605457070811,1000.7605457070811,0.0,8.897841989644498,4.715385793989844,14.104739588693906,625,1.3157298389059724,9.727658803734236,20.452029684709853,16.018318107526365,25.97829927493638,0,0,0,0,0,10,10,1,1
232,2013,7,14,3,41467.125,69.56765445621242,162.36354692739172,387,446,,,,8.897841989644498,,0.0,0,0.0,,0.0,0.0,0.0,0,3,0,0,0,10,10,0,0
241,2013,7,11,15,41464.625,54.35017442477472,-108.43494882292202,211,409,998.490178539714,1000.490178539714,2.0,8.167254496258144,4.64113984760268,265.7536566014258,221875,,,,,,3,0,0,0,0,12,12,1,1
241,2013,7,11,18,41464.75,54.199737001142836,-107.97382574485034,210,408,996.5481836936387,998.5481836936387,2.0,9.1198627147653,4.878285732891527,246.73217409298277,191250,-1.9419948460752494,-16.588804965771075,9.99785911607714,-5.575959428448104,11.447642135069827,0,0,0,0,0,10,10,1,1
241,2013,7,11,21,41464.875,55.35559417224975,-105.81617695105656,213,401,994.7000496104927,1000.7000496104927,6.0,9.8118131339179,6.0087243102658245,684.4796298844597,1471875,-1.8481340831459965,-15.563766094134776,45.461468545893815,42.84181778427385,62.46732324511925,0,0,2,0,0,9,9,1,2
241,2013,7,12,0,41465.0,54.972771629162416,-103.72019430421707,210,396,993.436033432437,999.436033432437,6.0,10.805180990443016,11.31057564996765,588.186243927897,1086875,-1.2640161780557537,-10.694323541314656,44.58831551733354,-14.189308198826785,46.791605527429596,0,0,0,1,0,8,8,1,3
241,2013,7,12,3,41465.125,54.39239474145697,-102.74741697599153,207,394,994.0889313114935,1005.1515981109347,11.062666799441212,10.331535280406786,11.942324287293667,1034.2727692714343,3360625,0.6528978790565452,5.563688232389443,20.992731726668588,-21.511655151534992,30.057380004026296,0,0,0,0,0,7,8,2,0
241,2013,7,12,6,41465.25,59.01894209449229,-108.56757770527416,230,403,991.3032630675723,1001.3032630675723,10.0,15.847235149252677,6.510326779363241,670.828295163773,1413750,-1.8483350433624581,-14.936521991956333,-20.07961169108306,11.072800923092467,22.930279674419953,0,0,0,0,2,8,8,1,1
241,2013,7,12,9,41465.375,59.45985934948939,-108.83843355798076,232,403,986.9631797514058,1000.9631797514058,14.0,21.11912451463709,17.0723145846845,640.7961869245869,1290000,-4.340083316166419,-34.912235930579726,-5.101367792096518,16.342587275240987,17.120283648325117,0,0,0,0,0,11,11,1,1
241,2013,7,12,12,41465.5,60.04156613173863,-109.66839942774986,235,404,982.965948166418,1002.965948166418,20.0,25.812615573743553,25.18938900390036,735.3427222422987,1698750,-3.9972315849878943,-31.96447283998126,-15.361900153955508,21.560947660282018,26.473806684145725,0,0,0,0,0,10,10,1,1
241,2013,7,12,15,41465.625,60.04156613173863,-109.66839942774986,235,404,980.4557256885595,992.4557256885595,12.0,28.52449368812711,29.657761023151615,275.3135333533663,238125,-2.5102224778584787,-20.073377413798454,0.0,0.0,0.0,0,0,0,0,0,14,14,1,1
241,2013,7,12,18,41465.75,59.67986488952555,-108.9767367358344,233,403,980.5268357990177,994.5268357990177,14.0,28.29419056085847,31.73975145979894,315.70679927948885,313125,0.07111011045824853,0.5707309001312042,12.942021837156755,-13.406447698376384,18.634075483445475,0,0,0,0,0,12,12,1,1
241,2013,7,12,21,41465.875,59.678126963664745,-107.62229722866827,232,400,983.2877999682266,995.2877999682266,12.0,25.125639892870964,29.711917535455797,300.53357583579674,283750,2.7609641692088918,22.159936321938815,25.344536025586407,-0.064416179535176,25.344617886179172,0,0,0,0,0,10,10,1,1
241,2013,7,13,0,41466.0,59.946831612666315,-105.97506745679604,232,396,986.2161907036559,996.2161907036559,10.0,22.673904198874883,22.512438008109456,281.3886710374423,248750,2.928390735429275,23.43969402257546,30.57552938514124,9.959531244927172,32.156729619168615,0,0,0,0,0,9,9,1,1
241,2013,7,13,3,41466.125,60.07144586512224,-105.14098383507691,232,394,988.9069514114242,996.9069514114242,8.0,20.278529145316917,18.57735274949475,239.3653682408596,180000,2.6907607077683497,21.51061612472936,15.42414467779245,4.618824220234276,16.100862592386033,0,0,0,0,0,11,11,1,1
241,2013,7,13,6,41466.25,59.964354736314974,-104.19350504788814,231,392,991.4241867705522,997.4241867705522,6.0,18.63627219042986,19.900397299614486,195.44100476116796,120000,2.5172353591279535,20.145122603261612,17.577906486992408,-3.969330070668969,18.020498818716607,0,0,0,0,0,8,8,1,1
241,2013,7,13,9,41466.375,60.127763135851524,-102.92947096494366,231,389,993.696510414789,999.696510414789,6.0,16.717952311688126,14.396484845114758,236.0174359706574,175000,2.272323644236894,18.1552607546328,23.33480562801924,6.0567283331905335,24.108030027347972,0,0,0,0,0,6,6,1,1
241,2013,7,13,12,41466.5,59.952087583526435,-102.41163858922658,230,388,995.8981067082648,999.8981067082648,4.0,15.156243886128234,12.122468760022967,192.36300129927707,116250,2.201596293475741,17.621284015923216,9.610594120677957,-6.511410051343472,11.608702778913177,0,0,0,0,0,9,9,1,1
241,2013,7,13,15,41466.625,59.63817934233509,-100.97438269675366,228,385,,,,12.843355600509842,,0.0,0,2.470068453463027,,26.926207966212182,-11.635001284131448,29.33247228450832,0,2,2,0,0,9,7,0,0
254,2013,7,12,15,41465.625,69.19458663849635,69.4076686677801,446,327,1000.0654486279573,1002.0654486279573,2.0,7.612685247532646,9.29338833746624,224.3496172334865,158125,,,,,,3,0,0,0,0,6,6,1,1
254,2013,7,12,18,41465.75,69.77943831868122,70.15311713847439,444,329,999.6181761748693,1001.6181761748693,2.0,8.339554606803675,6.689583011598805,179.5240261806447,101250,-0.447272453087935,-3.30231956091125,9.549845130575674,21.677513225367953,23.687847552151766,0,0,0,0,0,5,5,1,1
254,2013,7,12,21,41465.875,70.72016623803715,71.98789058174849,441,333,998.3861789431382,1002.3861789431382,4.0,9.990327621990826,7.708340199705126,291.46003306679825,266875,-1.2319972317310748,-9.042664959701254,22.45345966303132,34.86805732842395,41.472150567551154,0,0,0,0,0,6,6,1,1
254,2013,7,13,0,41466.0,71.85556471280432,73.81079374297306,437,337,998.1134999918398,1002.1134999918398,4.0,10.674835567648426,8.646656924010822,271.67647093347347,231875,-0.27267895129843966,-1.9880310214893604,21.040119986856308,42.0835167046933,47.0500693654697,0,0,0,0,0,5,5,1,1
254,2013,7,13,3,41466.125,72.63356487845905,74.61481164634642,434,339,997.9844941864106,1001.9844941864106,4.0,10.724533383711458,6.829762973494362,257.00058634784585,207500,-0.1290058054291876,-0.936466958166236,8.894958884015601,28.83655711647751,30.177264950293257,0,0,0,0,0,7,7,1,1
254,2013,7,13,6,41466.25,73.62596640599432,75.29644817623844,430,341,997.9688878685483,1001.9688878685483,4.0,10.833699622185522,6.442315529452171,266.5012070418412,223125,-0.015606317862257128,-0.11269442097597107,7.1222885543992085,36.78333835207726,37.466531392371024,0,0,0,0,0,5,5,1,1
254,2013,7,13,9,41466.375,74.61441002862824,76.06516488549865,426,343,998.0976180724459,1002.0976180724459,4.0,10.82768922812829,6.416194908813486,271.67647093347347,231875,0.12873020389757583,0.9250197216345758,7.559387076013642,36.636638703686565,37.40838981391028,0,0,0,0,0,3,3,1,1
254,2013,7,13,12,41466.5,76.63794183886837,74.91364599153489,417,344,998.4000253638333,1002.4000253638333,4.0,10.932779777774224,4.8007254335734615,305.45799283636967,293125,0.30240729138735334,2.153434517441475,-9.863583173565631,75.00215706752743,75.64795990510189,0,0,0,0,0,6,6,1,1
254,2013,7,13,15,41466.625,78.08558910600784,71.90609345593684,410,343,997.7456810472416,1003.7456810472416,6.0,11.837045215455621,5.473548652651079,538.7567423836514,911875,-0.654344316591596,-4.633243964828853,-23.011488026208617,53.65701055892337,58.383245570118454,0,0,0,0,0,6,6,1,1
254,2013,7,13,18,41466.75,78.69418281084333,67.24902365721238,406,340,997.0471814783948,1001.0471814783948,4.0,12.638106372167435,5.056290039579762,297.87393436440806,278750,-0.6984995688468917,-4.935114045380669,-33.83131120129429,22.557510788507635,40.662008196502775,0,0,0,0,0,5,5,1,1
254,2013,7,13,21,41466.875,78.9149649606596,61.62075691389205,403,336,996.3882669084834,1004.3882669084834,8.0,13.304468516194316,5.719226795423019,571.3725378570888,1025625,-0.6589145699114306,-4.651884659631495,-40.09331181590974,8.183284984416217,40.919919422011816,0,0,0,0,0,4,4,1,1
254,2013,7,14,0,41467.0,78.7702957157961,58.0552472237966,402,333,995.5254646140872,1005.5254646140872,10.0,13.812638063676754,4.788649184795868,656.8933242604169,1355625,-0.8628022943960968,-6.094350088393473,-25.73235450949141,-5.362162023440885,26.285107003163876,0,0,0,0,0,5,5,1,1
254,2013,7,14,3,41467.125,78.8967796294844,54.86580694308437,400,331,994.3885991096469,1006.3885991096469,12.0,14.43539191026433,6.349226995233839,744.7516207939767,1742500,-1.1368655044403568,-8.026679927039515,-22.76296791964543,4.688123168095851,23.240723038452227,0,0,0,0,0,7,7,1,1
254,2013,7,14,6,41467.25,78.8469207923299,50.710593137499636,398,328,993.0990524777952,1003.0990524777952,10.0,15.0341117877913,7.602023412781273,536.7219457003138,905000,-1.2895466318516993,-9.10622226259753,-29.784578792326197,-1.8480165799922692,29.84185482030589,0,0,0,0,0,6,6,1,1
254,2013,7,14,9,41467.375,78.40770609005725,48.136358368332594,398,325,992.3380750448293,1002.3380750448293,10.0,15.363490149121574,7.241131081521962,487.7874946350957,747500,-0.760977432965883,-5.381986536504853,-19.17152007010467,-16.279482200139714,25.150918919655638,0,0,0,0,0,7,7,1,1
254,2013,7,14,12,41467.5,78.4251336353338,45.0,396,323,990.9881372957736,1000.9881372957736,10.0,16.39785190155823,8.944459257500494,432.6730888463505,588125,-1.3499377490556799,-9.54679275018509,-23.322366621273584,0.6459515395402086,23.331310254859897,0,0,0,0,0,7,7,1,1
254,2013,7,14,15,41467.625,77.94654305428408,44.24615166692924,397,321,989.9731834401946,999.9731834401946,10.0,17.23605349055016,7.218366805524129,417.7003786980451,548125,-1.0149538555790787,-7.190330404025373,-5.834794317727198,-17.73894818420035,18.67391516024228,0,0,0,0,0,8,8,1,1
254,2013,7,14,18,41467.75,77.30951653656307,44.28384005452959,399,319,989.0719427720499,999.0719427720499,10.0,18.166992035172253,7.048641041187658,394.9327084834294,490000,-0.9012406681447465,-6.4003319235816365,0.3068810220401105,-23.611372302875242,23.613366511081654,0,0,0,0,0,8,8,1,1
254,2013,7,14,21,41467.875,77.15117719567735,45.0,400,319,988.6866920247329,998.6866920247329,10.0,18.34025471368071,7.3416207379827405,395.43612832894667,491250,-0.3852507473168953,-2.73764552833084,5.902901471089463,-5.8688437982450825,8.323915743542214,0,0,0,0,0,7,7,1,1
254,2013,7,15,0,41468.0,77.3015535179376,47.147585428298505,401,321,987.9841242634856,997.9841242634856,10.0,18.804159465746295,6.764996294645897,399.19154145693045,500625,-0.7025677612473373,-4.989574713216502,17.49672186639869,5.573694707602419,18.363043014807467,0,0,0,0,0,7,7,1,1
254,2013,7,15,3,41468.125,77.45369979397522,47.898576799281706,401,322,987.4099218566142,995.4099218566142,8.0,19.027196631651723,6.932436501651392,328.37093955580036,338750,-0.5742024068713363,-4.075510970952254,6.046617053078849,5.6392980010820235,8.268207770223947,0,0,0,0,0,7,7,1,1
254,2013,7,15,6,41468.25,77.92143121334239,48.76403486490572,400,324,987.2708540714899,1001.2708540714899,14.0,18.86974518367567,7.131370669785903,689.4029654767758,1493125,-0.13906778512435267,-0.9853029330329242,6.7123888108931595,17.336453621962654,18.59055641273455,0,0,0,0,0,8,8,1,1
254,2013,7,15,9,41468.375,78.38595789147347,49.69868051729944,399,326,987.8244704205295,1001.8244704205295,14.0,18.453881717705165,6.838379881515139,714.2069676287992,1602500,0.553616349039512,3.9157376256340046,6.974108096401852,17.217669966408245,18.576499745981597,0,0,0,0,0,7,7,1,1
254,2013,7,15,12,41468.5,78.8469207923299,50.710593137499636,398,328,987.8977341832064,1001.8977341832064,14.0,18.571700994632188,5.657192034702166,737.6387745335905,1709375,0.07326376267694286,0.5173571007451273,7.254830740751152,17.08557864886484,18.56204640775079,0,0,0,0,0,9,9,1,1
254,2013,7,15,15,41468.625,79.30390025792116,51.80905017961341,397,330,988.2442205135853,1000.2442205135853,12.0,18.07235933241147,5.017731101519093,645.5904330315784,1309375,0.34648633037897525,2.4429733168819614,7.556448112807121,16.9379327181632,18.54706102989284,0,0,0,0,0,8,8,1,1
254,2013,7,15,18,41468.75,79.93502454823064,52.236922025968006,395,332,988.5949067033752,1002.5949067033752,14.0,18.016462909252887,3.9391045408508942,806.6875315554265,2044375,0.3506861897898489,2.467601088548435,2.771600276491592,23.392606388187374,23.55622638975337,0,0,0,0,0,9,9,1,1
254,2013,7,15,21,41468.875,80.56518119116673,52.72182580013098,393,334,989.207014252221,1001.207014252221,12.0,17.774792479724454,3.2269199535730144,706.5052655656268,1568125,0.6121075488458154,4.298958690220433,2.946215236919809,23.356740561952968,23.54182477847963,0,0,0,0,0,6,6,1,1
254,2013,7,16,0,41469.0,81.32665329165046,54.46232220802562,391,337,990.299720688908,996.299720688908,6.0,16.65510521176598,2.250981649047753,381.3500088504252,456875,1.0927064366870036,7.658068832796813,9.728024636680539,28.223944785055544,29.853400519232775,0,0,0,0,0,9,9,1,1
254,2013,7,16,3,41469.125,82.00237256998352,52.969610394321364,388,338,990.8381832037593,996.8381832037593,6.0,16.07028507496489,2.02255154261009,411.2202901549713,531250,0.5384625148512714,3.767218337233306,-7.697593394588079,25.0455185288531,26.201735485412602,0,0,0,0,0,6,6,1,1
254,2013,7,16,6,41469.25,82.44847511664831,54.65989307844234,387,340,991.2935402853809,997.2935402853809,6.0,15.976323185756623,3.0064793215994725,429.6739856991561,580000,0.45535708162162336,3.1824071632051085,8.233064680386299,16.534779984113918,18.471120787718288,0,0,0,0,0,6,6,1,1
254,2013,7,16,9,41469.375,83.07310568150577,55.53918372862823,385,342,992.2627544857435,998.2627544857435,6.0,15.56566084337849,3.2176307798953347,442.4483924742311,615000,0.9692142003626213,6.764286556857364,3.9305148127136067,23.151916613091238,23.483189509785316,0,0,0,0,0,8,8,1,1
254,2013,7,16,12,41469.5,84.00578396858516,57.20046872738079,382,345,992.786369415614,998.786369415614,6.0,15.655429428416394,3.4105332899266796,469.92284849750047,693750,0.5236149298705277,3.64765440922607,6.429986350255597,34.56969790492245,35.16260425085254,0,0,0,0,0,6,6,1,1
254,2013,7,16,15,41469.625,84.62371731092335,58.626994859891546,380,347,992.5889635461801,1000.5889635461801,8.0,16.138917658404093,3.2869846657863673,565.5982988081821,1005000,-0.19740586943386007,-1.3737111643776438,4.953980534271071,22.90368422417424,23.433324010362348,0,0,0,0,0,7,7,1,1
254,2013,7,16,18,41469.75,85.43077937588637,59.03624346792648,377,349,992.5550628086271,1004.5550628086271,12.0,16.673071862504656,2.49265322862062,798.632227274088,2003750,-0.033900737553049114,-0.23562004289605137,1.208395437800588,29.913735703722534,29.938132929196865,0,0,0,0,0,5,5,1,1
254,2013,7,16,21,41469.875,85.80860183969074,55.885527054658745,375,349,992.3150028967127,1004.3150028967127,12.0,17.34997510073831,1.945471748248965,740.7338700972903,1723750,-0.2400599119144317,-1.66764403575216,-8.534291431411706,14.003980382464706,16.399560871825916,0,0,0,0,0,4,4,1,1
254,2013,7,17,0,41470.0,86.02978086575877,40.42607874009914,371,346,991.3840423603895,1005.3840423603895,14.0,18.344223077433345,1.6230189499376138,774.8625831811569,1886250,-0.9309605363232549,-6.465399634864845,-39.553965736851886,8.197995192982864,40.394595315415934,0,0,0,0,0,4,4,1,1
254,2013,7,17,3,41470.125,85.80860183969074,34.11447294534126,370,344,991.0966443048621,1007.0966443048621,16.0,18.540232359288993,1.721219605652368,879.9368148577889,2432500,-0.287398055527301,-1.9964918314129352,-17.089683174423783,-8.197995192982864,18.954271185839712,0,0,0,0,0,5,5,1,1
254,2013,7,17,6,41470.25,85.36538541367126,37.14668669802178,372,343,991.2109867365986,1007.2109867365986,16.0,18.94393431958099,1.7050720661813101,847.3415704562788,2255625,0.11434243173644063,0.7947863613565203,9.080096503122801,-16.427805992966917,18.77021476298507,0,0,0,0,0,5,5,1,1
254,2013,7,17,9,41470.375,85.0818360087625,41.30861401354872,374,343,991.8384571110222,1007.8384571110222,16.0,19.047122044799046,1.8998689699217357,847.693675840458,2257500,0.627470374423574,4.363307243027357,13.222401506593446,-10.50975175964617,16.890434679159398,0,0,0,0,0,6,6,1,1
254,2013,7,17,12,41470.5,84.76558011870233,48.46822925891715,377,344,992.4729592015387,1010.4729592015387,18.0,19.015244566886548,2.5034781256395218,1019.5492739779385,3265625,0.6345020905166165,4.414368354420695,24.194396309408646,-11.722016832049553,26.88446561469243,0,0,0,0,0,6,6,1,1
254,2013,7,17,15,41470.625,85.00090131957258,55.95406264339834,378,347,993.3429906516559,1009.3429906516559,16.0,18.697185007493484,2.1084907699012545,891.9505433490199,2499375,0.8700314501170943,6.050771420030563,24.161015962520228,8.722174556225323,25.68717620390419,0,0,0,0,0,8,8,1,1
254,2013,7,17,18,41470.75,85.34379104144372,62.81888891452278,378,350,994.3370565614666,1010.3370565614666,16.0,18.138924812847186,1.8282054150162728,937.9386696050287,2763750,0.9940659098107426,6.909895228570943,20.642717820204265,12.7091991568785,24.24140140779365,0,0,0,0,0,8,8,1,1
254,2013,7,17,21,41470.875,85.60991188863332,70.64100582430528,378,353,995.4733632766496,1009.4733632766496,14.0,17.688319020268754,1.9389873695249846,752.7227892173502,1780000,1.1363067151830182,7.895729852493113,22.17574643500694,9.863762693945237,24.27050770857892,0,0,0,0,0,8,8,1,1
254,2013,7,18,0,41471.0,85.5194522991599,77.0053832080835,379,355,996.0310531865018,1010.0310531865018,14.0,17.27623637630784,2.7542353124792136,760.741192402452,1818125,0.5576899098521971,3.8756333049165153,18.418889755964507,-3.3528824719313715,18.721573670847192,0,0,0,0,0,9,9,1,1
254,2013,7,18,3,41471.125,85.82058303725081,82.30394827798344,378,357,996.6921941382575,1010.6921941382575,14.0,16.91133166872339,2.653825452903693,795.3872634071305,1987500,0.6611409517556603,4.592732224381711,14.307900303336506,11.16140344414704,18.146430446047354,0,0,0,0,0,10,10,1,1
254,2013,7,18,6,41471.25,86.29094409167236,84.8055710922652,376,358,997.1203086461433,1011.1203086461433,14.0,16.59574646973718,2.558271555559768,816.9798299784617,2096875,0.4281145078857662,2.9722900570053348,5.99775290734991,17.433920980953523,18.436774140498542,0,0,0,0,0,7,7,1,1
254,2013,7,18,9,41471.375,86.3044859203444,91.73570458892839,376,360,997.6690611586531,1011.6690611586531,14.0,16.303667123325027,2.635631082728505,837.7787888430087,2205000,0.5487525125098182,3.809790750713529,16.545988512517912,0.5019275486069082,16.553599823616167,0,0,0,0,0,7,7,1,1
254,2013,7,18,12,41471.5,86.04243035194676,98.13010235415598,377,362,998.1392860157799,1010.1392860157799,12.0,16.420418138976476,3.1526251480350034,672.7532009716322,1421875,0.4702248571268865,3.2656004111106514,16.349315322931652,-9.713083234924754,19.016942379289684,0,0,0,0,0,6,6,1,1
254,2013,7,18,15,41471.625,85.95471307666892,104.42077312751098,377,364,998.0914574428066,1010.0914574428066,12.0,16.40420512411239,3.2440928569047545,681.4209759543689,1458750,-0.04782857297337614,-0.332193700252889,16.4402881686149,-3.251238663326469,16.758688132219895,0,0,0,0,0,8,8,1,1
254,2013,7,18,18,41471.75,85.60991188863332,109.35899417569473,378,366,998.7293936896992,1010.7293936896992,12.0,16.10591721185059,3.324346352959255,706.0827566478041,1566250,0.6379362468926411,4.432757636010598,14.006388753076788,-12.78004760352488,18.96071049962733,0,0,0,0,0,11,11,1,1
254,2013,7,18,21,41471.875,85.34379104144372,117.18111108547723,378,369,998.7478005158101,1012.7478005158101,14.0,16.58951026528152,2.8773754347518845,835.2816781057132,2191875,0.018406826110876864,0.12794849784246026,23.517145999137608,-9.863762693945237,25.501960129119876,0,0,0,0,0,13,13,1,1
254,2013,7,19,0,41472.0,85.04120398573185,118.30075576600638,379,370,999.3931081052149,1011.3931081052149,12.0,15.99654015471108,2.9714186361053727,735.6132180109628,1700000,0.6453075894048379,4.4876187523445035,3.5871404404637923,-11.215381821158322,11.775073924777685,0,0,0,0,0,13,13,1,1
254,2013,7,19,3,41472.125,84.8137273076502,122.66091272167381,379,372,999.3828771817055,1011.3828771817055,12.0,16.1564431076438,2.3413901911253925,743.2809672040188,1735625,-0.010230923509516288,-0.07117329476943166,14.604994332291028,-8.431417510878735,16.86400488285643,0,0,0,0,0,13,13,1,1
254,2013,7,19,6,41472.25,84.37734900044414,125.27242144859841,380,374,999.7083096796143,1011.7083096796143,12.0,15.850263565152348,1.8649394858022423,775.6324418739615,1890000,0.3254324979089142,2.2655626845788657,9.482856478120414,-16.174351286351655,18.749245491990756,0,0,0,0,0,13,13,1,1
254,2013,7,19,9,41472.375,84.68944979148007,145.30484646876604,373,379,1000.1304788489564,1010.1304788489564,10.0,15.497757806119388,1.6342045447729472,673.6397638877671,1425625,0.4221691693420871,2.937482439221802,68.37488053417833,11.568008188316512,69.34654354405933,0,0,0,0,0,13,13,1,1
254,2013,7,19,12,41472.5,84.87209884946971,143.88065915052024,373,378,999.718839407177,1009.718839407177,10.0,16.142090005703754,1.9219607738000923,655.6807836340655,1350625,-0.4116394417794072,-2.8633819419641564,-4.7179877973700455,6.769882868285504,8.251710301897312,0,0,0,0,0,13,13,1,1
254,2013,7,19,15,41472.625,84.59579022545279,140.0424510691709,375,378,1000.1397418283782,1010.1397418283782,10.0,15.960177366797252,1.9363468235485923,684.0435166640879,1470000,0.42090242120117183,2.929117301876312,-13.396062656254752,-10.24137239294098,16.86239019775064,0,0,0,0,0,15,15,1,1
254,2013,7,19,18,41472.75,84.13273647769473,138.0940580589171,377,379,1000.7114523804356,1008.7114523804356,8.0,15.417849655789496,1.3593811943721812,614.6495311674666,1186875,0.5717105520574841,3.981785932172938,-7.381986389495941,-17.16307583814743,18.683278493902066,0,0,0,0,0,15,15,1,1
254,2013,7,19,21,41472.875,83.50722677967582,135.0,380,380,1001.2576503574726,1009.2576503574726,8.0,15.367318247386851,1.5738458401724345,637.2158571184477,1275625,0.5461979770369362,3.8085984586737216,-12.966351372212774,-23.184501662225138,26.564024266541473,0,0,0,0,0,12,12,1,1
254,2013,7,20,0,41473.0,81.57971479655522,139.31602751986563,384,388,1001.4162679466413,1009.4162679466413,8.0,14.610107955784496,2.1664839629436754,634.5565428096185,1265000,0.1586175891687162,1.1109098899336416,23.42001572070001,-71.44318452320043,75.1839461000412,0,0,0,0,0,10,10,1,1
254,2013,7,20,3,41473.125,81.09200118440539,140.1021652523582,385,390,1001.4012052808293,1009.4012052808293,8.0,14.688823207812376,2.497571551460569,628.0965810996232,1239375,-0.015062665812001797,-0.10563130754623078,4.511962728474296,-18.077093108851543,18.63166935433401,0,0,0,0,0,9,9,1,1
254,2013,7,20,6,41473.25,80.74292450542187,141.88172363063694,385,392,1001.6398246823536,1009.6398246823536,8.0,14.472416282223861,3.1234635801894184,644.8195785082651,1306250,0.23861940152433816,1.675018294420539,10.610089054644572,-12.938518570966124,16.732580570812257,0,0,0,0,0,8,8,1,1
254,2013,7,20,9,41473.375,80.56518119116673,142.721825800131,385,393,1001.8886877180275,1007.8886877180275,6.0,14.46722885170817,3.2416505659637185,486.153361082143,742500,0.24886303567385767,1.7478168859411571,5.104326994872209,-6.588051596720577,8.334061309567725,0,0,0,0,0,10,10,1,1
254,2013,7,20,12,41473.5,80.20385199811894,144.30994017498605,385,395,1002.3315790062205,1008.3315790062205,6.0,14.276404443330375,2.9372497028268842,504.62650440403206,800000,0.4428912881930592,3.1138427374824347,10.01490233148624,-13.392657705162213,16.72308431829635,0,0,0,0,0,10,10,1,1
254,2013,7,20,15,41473.625,79.57597451651502,143.74616226255523,387,397,1002.6293509628729,1008.6293509628729,6.0,13.65385559960831,1.981899324633996,522.8275191306692,858750,0.29777195665228645,2.097644815688172,-3.7808062171459604,-23.272263502905933,23.57737780586079,0,0,0,0,0,9,9,1,1
254,2013,7,20,18,41473.75,78.58316097044938,144.59313426273033,389,401,1002.7569308122553,1008.7569308122553,6.0,12.861213055995194,2.48404375090533,530.1956414721458,883125,0.127579849382455,0.9017418532512876,6.214045827536441,-36.79860980883083,37.31959337143565,0,0,0,0,0,10,10,1,1
254,2013,7,20,21,41473.875,78.52584812286752,146.1546597389283,388,402,1003.1126210324139,1007.1126210324139,4.0,12.92770863609521,2.640073814922944,355.14826819277476,396250,0.35569022015857626,2.514548524327176,11.513068133768433,-2.124299294219059,11.707407285313591,0,0,0,0,0,10,10,1,1
254,2013,7,21,0,41474.0,78.33825250932816,146.76828893202065,388,403,1003.5241140718732,1009.5241140718732,6.0,12.687571287208065,2.9328328546097326,512.6447110626347,825625,0.41149303945931026,2.910996248847602,4.597333540926723,-6.9532268287829675,8.33563668948192,0,0,0,0,0,10,10,1,1
254,2013,7,21,3,41474.125,78.33825250932816,146.76828893202065,388,403,1004.1115449204713,1008.1115449204713,4.0,12.414670299089627,3.307034654407471,373.442791983288,438125,0.5874308485980145,4.1556207098255795,0.0,0.0,0.0,0,0,0,0,0,12,12,1,1
254,2013,7,21,6,41474.25,78.02640577590394,146.4587523458772,389,404,1004.4456030832084,1008.4456030832084,4.0,11.889731465390412,2.6103093663397887,409.52352958418,526875,0.3340581627372012,2.3658969121540063,-2.3801887611514774,-11.558591549150488,11.801115927691113,0,0,0,0,0,10,10,1,1
254,2013,7,21,9,41474.375,77.71412987179805,146.16488017754858,390,405,1005.0809914077437,1009.0809914077437,4.0,11.305398830119698,2.423370953916601,461.59363087490163,669375,0.6353883245353064,4.505278977917153,-2.317777634210703,-11.57449874997267,11.804283734084262,0,0,0,0,0,7,7,1,1
254,2013,7,21,12,41474.5,77.21428183726337,146.44933798850002,391,407,1005.4592837931599,1007.4592837931599,2.0,10.720338031873798,2.1086228716939512,341.1481381100423,365625,0.37829238541613447,2.687524920957923,2.3333141128953914,-18.526855177836506,18.673208549415502,0,0,0,1,0,10,10,1,2
254,2013,7,21,15,41474.625,76.83626764804205,147.52880770915152,391,409,1005.8903693290245,1007.8903693290245,2.0,9.887123593310163,1.7671706898992852,384.98446819881906,465625,0.43108553586454945,3.067245438758003,9.111650074773245,-14.011086680355806,16.713249745323594,0,0,0,0,0,14,14,1,2
254,2013,7,21,18,41474.75,79.07997724183848,162.68106156848526,374,406,1006.2035631233312,1008.2035631233312,2.0,9.520747796731893,1.2866149817159749,437.92888284027794,602500,0.3131937943067169,2.209885604393902,106.09337714761949,83.16304123129545,134.80317541298936,0,0,1,0,0,17,17,1,1
254,2013,7,21,21,41474.875,79.07074540081925,158.96248897457818,377,405,1006.1786164248925,1006.1786164248925,0.0,9.97185100915511,1.3898848978522438,14.104739588693906,625,-0.024946698438579915,-0.176028597308278,-26.12747794150949,-0.3421779616428612,26.12971850865407,0,0,0,0,0,14,14,1,1
254,2013,7,22,0,41475.0,79.19603210398012,157.4258619213518,378,404,1006.5675498687974,1006.5675498687974,0.0,9.866876321861758,1.1255621670984692,14.104739588693906,625,0.38893344390482526,2.74323579483187,-10.675876738909539,4.643748589170686,11.642110852582297,0,0,0,0,0,12,12,1,1
254,2013,7,22,3,41475.125,78.81981750563455,153.1780187984185,382,404,1006.2926484931721,1006.2926484931721,0.0,10.061809720292736,1.5019335059352306,14.104739588693906,625,-0.27490137562519523,-1.9414162554541645,-30.521310014140248,-13.944384888549274,33.55586736919878,0,0,0,0,0,10,10,1,1
254,2013,7,22,6,41475.25,78.41206055539622,151.69924423399362,384,405,,,,10.068527265629365,,0.0,0,-0.24809219742150163,,-11.009634961707384,-15.113501390186034,18.698395285724516,0,2,2,0,0,8,9,0,0
255,2013,7,12,15,41465.625,58.235098416664414,-94.71265168978847,220,371,993.5666065149001,993.5666065149001,0.0,11.304332459704986,4.133881860159745,14.104739588693906,625,,,,,,3,0,0,0,0,11,11,1,1
255,2013,7,12,18,41465.75,58.29850624985339,-93.07745539942438,220,367,994.0080353727209,994.0080353727209,0.0,10.659589261196311,4.3145107752703185,14.104739588693906,625,0.4414288578208652,3.5946381642049188,31.848616034461344,2.3502097867128895,31.935212999948963,0,0,0,0,0,8,8,1,1
255,2013,7,12,21,41465.875,59.2601447379132,-91.90211277465693,224,364,995.5142137996585,995.5142137996585,0.0,9.051988790087481,4.029769363893938,14.104739588693906,625,1.5061784269375493,12.140951193319811,22.26707761321236,35.643107046131654,42.02682268902591,0,0,0,0,0,7,7,1,1
255,2013,7,13,0,41466.0,59.50478383664984,-91.06485469345897,225,362,995.6264667632847,995.6264667632847,0.0,9.485575791048182,4.906750961098878,14.104739588693906,625,0.1122529636262334,0.90256126005349,15.748076177991713,9.06754221280382,18.172017639459007,0,0,0,0,0,6,6,1,1
255,2013,7,13,3,41466.125,59.96961346890029,-88.91907581333932,227,357,996.6815050468057,996.6815050468057,0.0,8.619282271882748,4.364209693032535,14.104739588693906,625,1.0550382835209893,8.442892625532703,39.80140071519498,17.228898953435333,43.370340764619414,0,0,0,0,0,9,9,1,1
255,2013,7,13,6,41466.25,60.42146036307166,-88.02506598911803,229,355,996.9170409127025,998.9170409127025,2.0,9.159330689617121,4.959522317692026,171.01087916602197,91875,0.235535865896818,1.876368984976668,16.356562799446614,16.747694083985593,23.40987833678353,0,0,0,0,0,7,7,1,1
255,2013,7,13,9,41466.375,60.865215718585674,-87.10423802653342,231,353,996.9517401759817,998.9517401759817,2.0,9.486441393301073,5.097975892434988,154.50968080927584,75000,0.03469926327918074,0.27522602296760623,16.61681871825712,16.447781401503725,23.380508492055345,0,0,0,0,0,5,5,1,1
255,2013,7,13,12,41466.5,61.70683605126831,-84.7225939170928,235,348,997.4774879892543,999.4774879892543,2.0,8.912415241775339,6.546933820727208,136.02118266811544,58125,0.5257478132726101,4.136680769240344,41.83880257570848,31.194637051737963,52.18803293628505,0,0,0,0,0,7,7,1,1
255,2013,7,13,15,41466.625,62.37460494443831,-84.12603848380807,238,347,997.0716321990017,1003.0716321990017,6.0,8.996996064838369,6.733375668561275,554.945776524894,967500,-0.40585579025268087,-3.173653813442876,10.252731168878901,24.750837697185702,26.790342721468306,0,0,2,0,0,7,7,1,2
255,2013,7,13,18,41466.75,63.01109203872237,-83.02380352295519,241,345,997.1339812695203,1001.1339812695203,4.0,9.179665093975254,7.94592893992005,239.78057300779642,180625,0.06234907051868504,0.48476012572448823,18.540195044915624,23.591378586374734,30.004865870541302,0,0,0,2,0,6,6,1,1
255,2013,7,13,21,41466.875,63.43927388094926,-82.42146452514024,243,344,997.6180938910115,1001.6180938910115,4.0,9.654747998198097,6.017991067534749,217.13970592909533,148125,0.4841126214912219,3.749778723291023,9.982803551052353,15.870549512317067,18.74915220914831,0,0,0,0,0,5,5,1,1
255,2013,7,14,0,41467.0,64.05767446736594,-81.23487190579289,246,342,997.1389014882689,1003.1389014882689,6.0,11.060122488057223,9.035762034702348,302.84160209044046,288125,-0.4791924027426285,-3.691963582192539,19.239934038525174,22.92100261451852,29.925698365477864,0,0,0,0,0,6,6,1,1
255,2013,7,14,3,41467.125,64.70234099971162,-80.49564127749699,249,341,997.3180490271117,1003.3180490271117,6.0,11.7057601248352,8.775770170761025,303.49781434869413,289375,0.17914753884280799,1.3728244039759812,11.70834111963437,23.89454925812679,26.608922113132817,0,0,0,0,0,8,8,1,1
255,2013,7,14,6,41467.25,65.15533296313436,-80.32372890022775,251,341,997.2757545950097,1009.2757545950097,12.0,12.283766980957022,8.968630905273166,1067.4036016704767,3579375,-0.04229443210191675,-0.3229096428868039,2.677226212978203,16.790136047788245,17.002241284568804,0,0,2,0,0,7,7,1,2
255,2013,7,14,9,41467.375,65.34163925825402,-79.7186065710674,252,340,998.0984082656527,1010.0984082656527,12.0,11.91619271098986,8.282905091230496,1082.6708437340544,3682500,0.8226536706429033,6.271389689487757,9.357428485730514,6.905438273083417,11.629554832792445,0,0,0,0,0,8,8,1,2
255,2013,7,14,12,41467.5,65.97525877287052,-78.90110075035767,255,339,998.4810983724917,1008.4810983724917,10.0,11.965736489849858,6.080010632709164,881.9692649756216,2443750,0.3826901068389998,2.9028275479192835,12.336323929113954,23.48509181611437,26.527993246669674,0,0,0,0,0,8,8,1,2
255,2013,7,14,15,41467.625,66.37879203905098,-78.15360586678057,257,338,999.6412038534369,1007.6412038534369,8.0,10.733490175104006,3.6615669431445714,789.8654169668588,1960000,1.1601054809452034,8.772450919169733,11.10135280876147,14.95695064385837,18.626604809986482,0,0,0,0,0,9,9,1,3
255,2013,7,14,18,41467.75,68.0835370889566,-79.03661035367037,264,341,1000.769457475113,1008.769457475113,8.0,9.6465864704941,4.406901409981365,841.8060252318608,2226250,1.1282536216761219,8.425704072239222,-12.215966233153097,63.18633359064374,64.35637174078143,0,0,0,0,0,9,9,1,2
255,2013,7,14,21,41467.875,68.57457724123896,-79.3988451363479,266,342,1001.3865864759421,1009.3865864759421,8.0,9.42192064222742,4.3383244619638575,934.006440996234,2740625,0.6171290008290089,4.5929997866992265,-4.904456281378036,18.200391237522876,18.84961359325034,0,0,0,0,0,8,8,1,2
255,2013,7,15,0,41468.0,69.32815167581049,-80.28120779717437,269,344,1001.4483185292939,1009.4483185292939,8.0,9.303983734015176,4.336821638599213,932.087466712692,2729375,0.06173205335187958,0.45712288243585614,-11.545173514770315,27.93121799113197,30.223235597041693,0,0,0,0,0,8,8,1,2
255,2013,7,15,3,41468.125,70.3340203011039,-81.7771861094251,273,347,1001.2094868453388,1009.2094868453388,8.0,9.405259016637139,5.3310327172186955,932.1941800299703,2730000,-0.238831683955068,-1.7571691832926468,-18.659922869694693,37.28249600118843,41.69145271613339,0,0,0,0,0,8,8,1,2
255,2013,7,15,6,41468.25,70.87190616921946,-83.58539819266029,275,350,1001.0700146830011,1009.0700146830011,8.0,10.301233274573232,4.8680953920116,871.7596304393776,2387500,-0.13947216233777,-1.0227597341628603,-21.960818236108825,19.93672654941756,29.660590066714132,0,0,0,0,0,9,9,1,1
255,2013,7,15,9,41468.375,71.14365572146255,-84.86744556012704,276,352,1000.688817953976,1008.688817953976,8.0,11.160338997243182,7.065290207870639,733.5820685713843,1690625,-0.38119672902510504,-2.7907845454268756,-15.35770357782261,10.072390509120941,18.36605863413528,0,0,0,0,0,8,8,1,1
255,2013,7,15,12,41468.5,71.43021628108873,-87.57072667650003,277,356,1001.6747822653559,1007.6747822653559,6.0,11.136433788971,5.76352207977121,515.9327885695917,836250,0.9859643113799393,7.206137971138857,-31.90603618746547,10.621360135619089,33.6274952431247,0,0,0,0,0,10,10,1,1
255,2013,7,15,15,41468.625,71.67369961863034,-89.64849656012665,278,359,1002.0325931136741,1006.0325931136741,4.0,11.245955255539583,6.835527994311487,323.1801841141507,328125,0.3578108483181859,2.611435004148427,-24.213705691454646,9.024703952370128,25.840836378498047,0,0,0,0,0,11,11,1,1
255,2013,7,15,18,41468.75,71.89778357134585,-91.06749968374021,279,361,1003.0127174285792,1007.0127174285792,4.0,10.863855754501364,6.676655908966058,366.7232293060416,422500,0.9801243149051152,7.144107228355828,-16.341681585739558,8.30566622814179,18.331247871953355,0,0,0,0,0,11,11,1,1
255,2013,7,15,21,41468.875,70.46454158682471,-94.95544894005225,273,367,1003.799766747977,1009.799766747977,6.0,10.888389164931635,8.100252942522566,652.1821719528144,1336250,0.7870493193977746,5.785904816614574,-48.17966626209085,-53.123079110909934,71.71709541908714,0,0,2,0,0,9,9,1,2
255,2013,7,16,0,41469.0,70.91738606439623,-95.0721328725145,275,367,1003.6131527878225,1009.6131527878225,6.0,11.320489766683444,7.723292914586855,599.2439739797879,1128125,-0.1866139601545001,-1.3680778344819444,-1.4139400735793297,16.78466948831892,16.844119340701003,0,0,0,0,0,11,11,1,2
255,2013,7,16,3,41469.125,71.12199400517373,-95.81248238311274,276,368,1003.9067836606425,1005.9067836606425,2.0,11.216906953097984,7.288843652707292,191.84519954901347,115625,0.29363087282006745,2.149982726677649,-8.878607933536522,7.5837883218833015,11.67662297706795,0,0,0,2,0,8,8,1,1
255,2013,7,16,6,41469.25,70.36526962287196,-97.5729486405434,273,371,1005.0203499192071,1007.0203499192071,2.0,10.069341625172196,1.9104690653133003,286.2949452790358,257500,1.1135662585645332,8.191305467637257,-21.92525662271727,-28.047970726731485,35.60063959902397,0,0,2,0,0,8,8,1,2
255,2013,7,16,9,41469.375,69.23654660702961,-97.16354746583238,268,371,1004.5884106684497,1006.5884106684497,2.0,10.124498000572814,1.7114777077156034,283.150671167388,251875,-0.431939250757423,-3.2004240735245544,5.379491483612402,-41.83609098287175,42.1805338675245,0,0,0,0,0,10,10,1,2
255,2013,7,16,12,41469.5,69.0104228877582,-97.08689541007368,267,371,1004.348662087807,1006.348662087807,2.0,9.793734623361317,2.700053712703375,277.83114908082075,242500,-0.2397485806426266,-1.779076434742025,1.0176789456043083,-8.381270125659745,8.442828871628443,0,0,0,0,0,9,9,1,2
255,2013,7,16,15,41469.625,68.78417325510325,-97.01185827447512,266,371,1003.9019207940032,1003.9019207940032,0.0,9.278181115021239,3.690684447965832,14.104739588693906,625,-0.44674129380378874,-3.3201407509660568,1.0064843568749957,-8.385937102141718,8.44612052019808,0,0,0,2,0,11,11,1,1
255,2013,7,16,18,41469.75,68.78417325510325,-97.01185827447512,266,371,1003.7273418216382,1003.7273418216382,0.0,8.622761062284424,5.077410345732496,14.104739588693906,625,-0.17457897236497957,-1.2974550784761818,0.0,0.0,0.0,0,0,3,0,0,7,7,1,1
255,2013,7,16,21,41469.875,68.78417325510325,-97.01185827447512,266,371,,,,8.622761062284424,,0.0,0,0.0,,0.0,0.0,0.0,0,3,0,0,0,7,7,0,0
258,2013,7,13,0,41466.0,57.39470156747106,172.99873244250466,377,502,1003.3617758408876,1003.3617758408876,0.0,8.184203348594345,3.5426953833761217,14.104739588693906,625,,,,,,3,0,0,0,0,13,13,1,1
258,2013,7,13,3,41466.125,57.9379132223818,174.1077723826809,374,500,1002.8469394052931,1004.8469394052931,2.0,8.29288290857669,3.643164585334889,306.43338007504707,295000,-0.5148364355944796,-4.208853742256417,21.820664350054827,20.134126706756405,29.69047744515866,0,0,0,0,0,15,15,1,1
258,2013,7,13,6,41466.25,58.447457409367395,174.84287302678214,372,498,1001.7559876453353,1003.7559876453353,2.0,8.889352296807274,2.6018749980739813,261.22343281308076,214375,-1.090951759957825,-8.869613351820146,14.257477755804736,18.886242831341548,23.663597364764023,0,0,0,0,0,12,12,1,1
258,2013,7,13,9,41466.375,58.950821148738655,175.6012946450045,370,496,1001.1516100173935,1003.1516100173935,2.0,9.515378720584955,2.9859170840871228,215.76102719068473,146250,-0.6043776279417216,-4.887509375508286,14.498771992418462,18.657164691639124,23.62846130451756,0,0,0,0,0,11,11,1,1
258,2013,7,13,12,41466.5,59.41499407287438,175.53614881803162,370,494,1000.1130834387772,1004.1130834387772,4.0,9.850479636127172,3.873548992157739,313.4935044929087,308750,-1.0385265786164382,-8.357916571115991,-1.2286019092131764,17.204558083220814,17.24837040100429,0,0,0,0,0,12,12,1,1
258,2013,7,13,15,41466.625,59.91181293481618,176.32945136728387,368,492,999.2774277322767,1003.2774277322767,4.0,10.077678857826102,2.4801892644145846,315.70679927948885,313125,-0.8356557065004018,-6.691199585081554,14.740957839158987,18.4145789697506,23.587974831448413,0,0,0,0,0,12,12,1,1
258,2013,7,13,18,41466.75,60.401917116041396,177.14854370926292,366,490,998.6637426167309,1002.6637426167309,4.0,10.711573241144736,2.391084159740276,304.15261082582236,290625,-0.6136851155458135,-4.889797792837325,14.994916268112659,18.165699493176568,23.55504514884455,0,0,0,0,0,12,12,1,1
258,2013,7,13,21,41466.875,60.876027553579135,177.54914736222898,365,488,998.3379711018669,1000.3379711018669,2.0,11.198482140275383,2.5005034404811886,190.8053805118479,114375,-0.3257715148640273,-2.5836678359470535,7.226701515932673,17.572891774476158,19.000835247899904,0,0,0,0,0,11,11,1,1
258,2013,7,14,0,41467.0,61.3389483224199,177.51044707800085,365,486,996.9227947028985,998.9227947028985,2.0,12.263823303853272,3.2868494145682057,178.96908195899073,100625,-1.4151763989683241,-11.17371855299873,-0.6879891686558561,17.15814697783058,17.17193456803934,0,0,0,3,0,15,15,1,1
258,2013,7,14,3,41467.125,61.586796728717026,178.4025238027544,363,485,996.8105382614237,1004.8105382614237,8.0,12.273363873773102,3.236999572763525,839.6763649746825,2215000,-0.11225644147474668,-0.8842535553699965,15.732999399426673,9.186495119059684,18.21864327206797,0,0,2,0,0,17,17,1,2
258,2013,7,14,6,41467.25,61.829199165269685,179.76989770490277,360,484,996.0551931417457,1004.0551931417457,8.0,13.294681498456372,3.429300240863231,700.7089263299684,1542500,-0.7553451196780953,-5.936383833630476,23.926459669459792,8.98464038364513,25.557762717767627,0,0,0,0,0,14,14,1,2
258,2013,7,14,9,41467.375,62.522478341376114,-179.7642162301234,359,481,996.2054797570614,1004.2054797570614,8.0,13.861169521134709,3.1008201535269473,673.0488517004595,1423125,0.15028661531570833,1.1736087669927961,-7.9674736763165805,25.696375710451576,26.90324072366531,0,0,0,0,0,13,13,1,1
258,2013,7,14,12,41467.5,63.214665111153096,-179.7582470907319,359,478,995.7419702964646,1005.7419702964646,10.0,14.788574476283493,3.008905458722511,770.6146127680388,1865625,-0.4635094605968334,-3.597270582965898,0.09970430542634472,25.655885696561732,25.6560794320481,0,0,0,0,0,13,13,1,1
258,2013,7,14,15,41467.625,63.90579064691938,179.7519678718435,360,475,995.2351889392428,1007.2351889392428,12.0,15.442943677377404,2.9756927593347062,882.0820415587789,2444375,-0.506781357221771,-3.909579747740102,7.984931395868274,25.616551083904444,26.83219742829515,0,0,0,0,0,14,14,1,1
258,2013,7,14,18,41467.75,64.36394052753805,179.24283113494147,361,473,995.1477128124548,1007.1477128124548,12.0,16.007085320191692,3.7992034946591593,841.5696624516205,2225000,-0.08747612678809674,-0.6722260385756675,-8.164638284139476,16.981314122535306,18.842142862186694,0,0,0,0,0,14,14,1,1
258,2013,7,14,21,41467.875,64.58975676887466,178.7269699799433,362,472,995.536208596954,1007.536208596954,12.0,16.212982432248403,3.619396905019966,815.1514505959387,2087500,0.38849578449924593,2.9798529085168264,-8.204468352031416,8.369873463525446,11.720413078680826,0,0,0,0,0,13,13,1,1
258,2013,7,15,0,41468.0,65.02423661517173,177.1505254393228,365,470,995.8940653753575,1005.8940653753575,10.0,15.868917698022921,2.5975190085858775,692.8571982024357,1508125,0.35785677840351127,2.7350705725632714,-24.670913555808568,16.103984879179954,29.461709126712854,0,0,0,0,0,15,15,1,1
258,2013,7,15,3,41468.125,68.15405375590451,174.37759937291028,369,456,995.7515855884965,1005.7515855884965,10.0,15.918366520966401,6.071983287709518,680.2521569533504,1453750,-0.1424797868609312,-1.063501374226251,-38.241902922269425,116.00659579155491,122.1473430176092,0,0,0,0,0,15,15,1,1
258,2013,7,15,6,41468.25,68.33129654739582,173.1335701975023,371,455,995.1730908938848,1005.1730908938848,10.0,16.343398062421976,8.303821630908496,642.346627581821,1296250,-0.578494694611727,-4.312687464036905,-17.02529706875995,6.569499732717729,18.24881001648339,0,0,0,0,0,15,15,1,1
258,2013,7,15,9,41468.375,68.5290619994954,172.4649362766719,372,454,995.6967024070469,1005.6967024070469,10.0,16.34970067772162,10.213767403725724,629.0460851656456,1243125,0.5236115131621772,3.898209678073334,-9.07122159967855,7.330171646346979,11.662695986579768,0,0,0,1,0,17,17,1,2
258,2013,7,15,12,41468.5,68.5290619994954,172.4649362766719,372,454,996.4370075639728,1008.4370075639728,12.0,16.133802860087435,10.345345718391618,766.73239858877,1846875,0.7403051569257514,5.51146156055153,0.0,0.0,0.0,0,0,0,0,0,20,20,1,1
258,2013,7,15,15,41468.625,68.5290619994954,172.4649362766719,372,454,996.966577522748,1008.966577522748,12.0,15.801691398820154,10.040054763018198,778.3209506004106,1903125,0.529569958775246,3.9425694176345685,0.0,0.0,0.0,0,0,0,0,0,19,19,1,1
258,2013,7,15,18,41468.75,68.78417325510325,172.9881417255249,371,453,998.4506333279255,1010.4506333279255,12.0,14.667889901767067,9.058757010075787,836.5906180723099,2198750,1.4840558051774861,11.029368056675773,7.017812422710436,9.455692451172053,11.775390054325209,0,0,0,1,0,19,19,1,2
258,2013,7,15,21,41468.875,69.38529085297887,177.8094261359618,363,451,999.3619274890999,1011.3619274890999,12.0,14.805186345767483,9.118228917667002,851.6740298619613,2278750,0.9112941611744464,6.745554546673917,62.901059533259854,22.280409066843877,66.73050216050078,0,0,0,0,0,16,16,1,2
258,2013,7,16,0,41469.0,68.94206147801737,179.08089521628577,361,453,1000.4688609842405,1010.4688609842405,10.0,13.8252295412986,8.044464438729847,757.3338934495258,1801875,1.1069334951405472,8.217869590324225,16.93297487491648,-16.42828594518586,23.59267295605447,0,0,0,0,0,17,17,1,2
258,2013,7,16,3,41469.125,68.94206147801737,179.08089521628577,361,453,1001.3640417874335,1009.3640417874335,8.0,12.750276402539443,7.011287753066935,687.958583069885,1486875,0.8951808031930705,6.64581850011531,0.0,0.0,0.0,0,0,0,1,0,14,14,1,3
258,2013,7,16,6,41469.25,68.94206147801737,179.08089521628577,361,453,1002.245374623153,1008.245374623153,6.0,11.786658222707155,6.779973501871137,608.9589620032832,1165000,0.8813328357195133,6.543011248109358,0.0,0.0,0.0,0,0,0,0,0,14,14,1,3
258,2013,7,16,9,41469.375,68.94449932082523,179.6936083777293,360,453,1003.2354633187337,1009.2354633187337,6.0,11.380429121393353,8.219983994771173,614.0018497113238,1184375,0.9900886955806345,7.350293884968894,8.159107069840138,0.09035858406373523,8.159607395630584,0,0,1,0,0,14,14,1,2
258,2013,7,16,12,41469.5,68.71650307374325,-179.69685055628588,359,454,1003.6699478510511,1009.6699478510511,6.0,11.089425103748045,7.576713659987072,635.1832654737959,1267500,0.4344845323174377,3.23053300360542,-8.200701899752557,-8.450675323171675,11.775628436150145,0,0,0,0,0,11,11,1,2
258,2013,7,16,15,41469.625,68.71409006281192,-179.09061955080085,358,454,1003.7376384771816,1009.7376384771816,6.0,11.11735623273905,6.773548910172613,630.4676600524476,1248750,0.06769062613049755,0.5033099531566517,8.1570508211966,-0.08943819116703254,8.157541130121464,0,0,0,0,0,14,14,1,2
258,2013,7,16,18,41469.75,68.71409006281192,-179.09061955080085,358,454,1004.3448267580939,1010.3448267580939,6.0,10.711390756113786,5.066052292284439,641.5718756081927,1293125,0.6071882809122325,4.514715296532262,0.0,0.0,0.0,0,0,1,0,0,10,10,1,1
258,2013,7,16,21,41469.875,68.48602662700864,179.10014028509562,361,455,1004.4675631724729,1008.4675631724729,4.0,10.770878817772713,6.291846094267603,460.514887566027,666250,0.1227364143790328,0.9140246005930741,24.591699418667098,-8.453165671484294,26.003993734956023,0,0,0,0,0,7,7,1,1
258,2013,7,17,0,41470.0,68.25787012718374,179.10946374663942,361,456,1004.6458317587973,1008.6458317587973,4.0,10.419598418741899,7.482864678384722,463.9580374686793,676250,0.17826858632441145,1.3296733690723301,0.12801087930471847,-8.456615087169792,8.457583905452438,0,0,0,0,0,7,7,1,1
258,2013,7,17,3,41470.125,68.02493695223875,178.53119928561418,362,457,1004.9854918311136,1006.9854918311136,2.0,9.710140543638088,7.79522244432992,251.9187042636836,199375,0.3396600723163283,2.5375986537124606,-8.020398014891562,-8.633662433697477,11.784180554298867,0,0,0,0,0,9,9,1,1
258,2013,7,17,6,41470.25,67.80127374210056,179.127542877098,361,458,1005.6188896961803,1007.6188896961803,2.0,9.06819240760297,6.521585237668913,303.49781434869413,289375,0.6333978650666541,4.739614149305585,8.351101686270823,-8.290071414800153,11.767165480136752,0,0,0,0,0,11,11,1,1
258,2013,7,17,9,41470.375,67.80127374210056,179.127542877098,361,458,1006.6374690244754,1008.6374690244754,2.0,8.424224999534935,6.915446089324543,348.07571077095474,380625,1.0185793282951636,7.621864964874658,0.0,0.0,0.0,0,0,0,0,0,12,12,1,1
258,2013,7,17,12,41470.5,66.18056363800356,177.5575846893429,364,465,1007.3259722444524,1007.3259722444524,0.0,7.7922716485695664,3.722399271286849,14.104739588693906,625,0.6885032199769922,5.214223611290954,-23.499931715241885,-60.07158037905394,64.50458557233098,0,0,0,0,0,15,15,1,1
258,2013,7,17,15,41470.625,65.28288484471355,179.2151753970081,361,469,1007.4712092434144,1009.4712092434144,2.0,7.8039910728514,2.4151151678302996,337.04130404423773,356875,0.1452369989619183,1.1077167869744624,25.689084027431658,-33.2724425234198,42.03551438537083,0,0,0,0,0,12,12,1,1
258,2013,7,17,18,41470.75,65.28288484471355,179.2151753970081,361,469,,,,7.8039910728514,,0.0,0,0.0,,0.0,0.0,0.0,0,3,0,0,0,12,12,0,0
259,2013,7,13,6,41466.25,71.97118867433235,-82.47617956136138,280,349,995.3659461268605,997.3659461268605,2.0,9.076933298436467,4.5901166614336395,258.1591222864905,209375,-0.14324831235266175,-1.0436979391274184,-40.43200831125323,49.70379609640336,64.07194895173778,2,0,0,2,0,6,6,1,2
259,2013,7,13,9,41466.375,73.61044868555508,-78.53604698430745,288,345,995.4141060781509,1001.4141060781509,6.0,9.636530649896718,11.724528286429049,668.6003637520406,1404375,0.048159951290435855,0.347794399903912,41.200382538892235,60.759132233089886,73.4107871574005,0,0,0,0,0,4,4,1,1
259,2013,7,13,12,41466.5,73.57326420167831,-82.53480914387858,287,350,995.8113792861416,1003.8113792861416,8.0,10.062589376017895,7.155967140769935,789.8654169668588,1960000,0.39727320799065635,2.869517123465983,-41.905479110370614,-1.3782419856645147,41.92813769344826,0,0,0,0,0,8,8,1,1
259,2013,7,13,15,41466.625,75.67252692757445,-84.15543412261313,296,353,996.4591742898169,1002.4591742898169,6.0,10.878881393521128,9.74803065693297,644.3566231451198,1304375,0.6477950036752737,4.63212764586031,-14.864284955426793,77.80912160455932,79.21620018726743,0,0,0,0,0,8,8,1,1
259,2013,7,13,18,41466.75,74.99843817447196,-95.58260575653108,293,366,997.7605276488425,1001.7605276488425,4.0,11.610513409899296,4.894223421159768,533.7483940345794,895000,1.3013533590256703,9.33416019902823,-109.46390294448165,-24.98508315105118,112.27911839653818,0,0,0,0,0,7,7,1,1
259,2013,7,13,21,41466.875,73.5423394111708,-98.24071182970789,287,370,998.9927687326901,1002.9927687326901,4.0,10.671876006979845,3.039916464179696,563.4839052433807,997500,1.2322410838476208,8.90193471217828,-27.909824382410985,-53.97026505750152,60.759754833557324,0,0,0,0,0,6,6,1,1
259,2013,7,14,0,41467.0,73.50838713003844,-99.01320435564273,287,371,1000.1029351573004,1002.1029351573004,2.0,10.071834452603554,3.3478009550017305,343.47285419209976,370625,1.1101664246102154,8.021450664607242,-8.127970276225678,-1.2584404699760476,8.224814479833674,0,0,0,0,0,7,7,1,1
259,2013,7,14,3,41467.125,73.28476271591093,-98.89254870824813,286,371,1000.9551514277964,1002.9504804378038,1.9953290100074081,9.546890459960395,2.6766556476408003,406.35360642898377,518750,0.8522162704959919,6.164815380028836,1.2862434720337523,-8.288633441614088,8.387840401366304,0,0,0,1,0,10,9,2,0
259,2013,7,14,6,41467.25,71.16262935740168,-94.45117400288657,276,366,,,,8.171081432345265,,0.0,0,0.22918759711858003,,53.140911396606235,-78.65682104313544,94.92550742910879,0,2,2,0,0,8,7,0,0
286,2013,7,15,3,41468.125,46.931238349033045,116.08702835133604,528,442,995.2051276746381,1001.2051276746381,6.0,9.328990775195937,6.462273295830383,716.7095498380723,1613750,,,,,,3,0,0,0,0,13,13,1,1
286,2013,7,15,6,41468.25,46.8192550687085,115.67945567536319,529,441,993.139329152375,999.139329152375,6.0,9.770316124174347,6.033635471133821,461.162436356806,668125,-2.065798522263067,-19.627398141850314,-10.337515086244597,-4.150657547035183,11.13966679174448,0,0,0,0,0,13,13,1,1
286,2013,7,15,9,41468.375,47.68772744919791,116.91229407416375,524,443,991.6018662094784,999.6018662094784,8.0,10.755947142688788,5.106429617760732,815.3954713918841,2088750,-1.5374629428965272,-14.4043869105258,30.76030510475546,32.189907547114885,44.52399934899659,0,0,0,0,0,15,15,1,1
286,2013,7,15,12,41468.5,48.107588262325045,117.89727103094764,521,445,991.3641552419608,995.3641552419608,4.0,11.759102608916004,5.782109948308426,327.76452917762373,337500,-0.23771096751763252,-2.2123991410005845,24.377563573743824,15.562130772199133,28.921367878489928,0,0,0,0,0,19,19,1,1
286,2013,7,15,15,41468.625,49.29363630090044,117.64597536373869,517,442,990.0221510061331,996.0221510061331,6.0,13.469854170331619,7.648796508213927,436.1079648376247,597500,-1.3420042358277715,-12.26506440373798,-6.074600603436894,43.96084154877125,44.378557459289375,0,0,0,0,0,18,18,1,1
286,2013,7,15,18,41468.75,50.53763635969551,119.31254621469968,510,444,988.7230998768755,1000.1862153181837,11.463115441308183,15.17247864749401,4.200883215637441,857.7259028630803,2311250,-1.2990511292575684,-11.657510081216024,39.259304047457334,46.10883176118166,60.55837944225105,0,0,0,1,0,18,20,2,0
286,2013,7,15,21,41468.875,51.572515765641775,120.14613526436762,505,444,987.3218637657565,1000.6857235480629,13.363859782306536,16.70103198837021,4.597805666366185,894.4006555876616,2513125,-1.4012361111190694,-12.392271444793325,19.203085670268155,38.35777987671958,42.89612775450171,0,0,0,0,0,15,17,2,0
286,2013,7,16,0,41469.0,52.187562818518686,120.66719717464791,502,444,984.2419431976441,1000.2419431976441,16.0,20.131234189459676,6.39030574539378,842.8688374987224,2231875,-3.079920568112284,-27.009775645344597,11.840450823852429,22.79670397586682,25.688246103526993,0,0,1,0,0,16,16,1,1
286,2013,7,16,3,41469.125,53.97509249607045,121.02589943559454,495,441,982.5878075817508,1000.5878075817508,18.0,20.32076450846775,4.7904596963062795,895.9563294155286,2521875,-1.6541356158933196,-14.170047875554634,7.819442484507276,66.2547437901135,66.71457678395404,0,0,0,0,0,12,12,1,1
286,2013,7,16,6,41469.25,54.97889275185295,119.81416273779868,493,436,982.3490004539764,998.3490004539764,16.0,19.756169863229875,6.797886242856839,772.934581728106,1876875,-0.23880712777448934,-2.020298096852146,-25.77426277914836,37.20583193584166,45.261314075562225,0,0,0,0,0,12,12,1,1
286,2013,7,16,9,41469.375,55.30002015951374,119.6749800146083,492,435,982.9673038950845,996.9673038950845,14.0,18.94459651614846,8.919964420387624,717.125797796793,1615625,0.6183034411081462,5.21043836667587,-2.9367996341747693,11.902579512799239,12.259534703641783,0,0,0,0,0,13,13,1,1
286,2013,7,16,12,41469.5,55.530539608143,119.0178760403174,492,433,983.4327806296282,1001.4327806296282,18.0,19.184809476741318,9.143368905617463,1185.8890613779015,4418125,0.46547673454362665,3.9117030372643744,-13.784379273104168,8.544197726824757,16.217657868504354,0,0,0,0,0,10,10,1,1
286,2013,7,16,15,41469.625,55.54916318548808,118.17263482679665,493,431,985.1985242255062,999.1985242255062,14.0,17.819379574519225,8.703475294059462,793.1329728177466,1976250,1.7657435958780114,14.835379592511924,-17.72258317513282,0.6902824389151374,17.7360210939482,0,0,0,0,0,13,13,1,1
286,2013,7,16,18,41469.75,55.76864970788748,117.5014515627382,493,429,984.9939377733109,998.9939377733109,14.0,17.943977712448167,9.711236040945442,786.3313257857742,1942500,-0.20458645219521712,-1.7143964478844356,-13.99436959680184,8.135262585890109,16.187182514362256,0,0,0,0,0,9,9,1,1
286,2013,7,16,21,41469.875,55.76864970788748,117.5014515627382,493,429,986.0915939249572,1002.0915939249572,16.0,17.15763771236937,7.334681241707367,1086.7974150782325,3710625,1.0976561516463699,9.198154556125733,0.0,0.0,0.0,0,0,0,0,0,6,6,1,1
286,2013,7,17,0,41470.0,58.95762722992663,120.03044919720152,478,428,986.2980745132492,1004.2980745132492,18.0,18.153377347931038,6.07601474871015,1205.4396004897983,4565000,0.20648058829188812,1.6696575226702695,48.33477275981072,118.19937387809675,127.70020455315112,0,0,0,0,0,6,6,1,1
286,2013,7,17,3,41470.125,58.72189201088815,120.7499673021964,478,430,985.8177225849431,1001.8177225849431,16.0,18.381412567265844,5.779106549763892,1040.409802291267,3400625,-0.480351928306045,-3.8939302334653108,13.846239846306664,-8.737520129507649,16.372617869326877,0,0,0,0,0,7,7,1,1
286,2013,7,17,6,41470.25,58.840408538355774,120.39153306607113,478,429,986.5807757048001,1000.5807757048001,14.0,17.355034311991563,7.069267153456094,846.2843753216343,2250000,0.7630531198569224,6.1778725121749245,-6.874148950174016,4.3928121926436825,8.15786263362025,0,0,0,0,0,8,8,1,1
286,2013,7,17,9,41470.375,58.95762722992663,120.03044919720152,478,428,987.4557267065913,999.4557267065913,12.0,16.911377808455953,7.491269167182909,722.7904957172213,1641250,0.8749510017913417,7.075088918497596,-6.901519183928166,4.3447079368639665,8.155210242708476,0,0,0,0,0,9,9,1,1
286,2013,7,17,12,41470.5,58.87094931244809,119.4600876303664,479,427,988.679559563392,1000.679559563392,12.0,16.307095761084785,5.901268441939319,754.5706122764493,1788750,1.2238328568005818,9.905271573514177,-10.928884289911322,-3.2127148919097204,11.3913146211914,0,0,0,0,0,10,10,1,1
286,2013,7,17,15,41470.625,59.18812042090519,119.30033145386545,478,426,989.5404205744621,1001.5404205744621,12.0,16.279146589678653,5.197372083387818,768.15815527351,1853750,0.8608610110702284,6.9443957101364,-3.0330432848939157,11.75593937955336,12.140900389335773,0,0,0,0,0,10,10,1,1
286,2013,7,17,18,41470.75,59.932819735075675,118.59322785309737,476,423,990.516407202317,1002.516407202317,12.0,16.009526665018452,3.6269704864409142,919.0837069931306,2653750,0.9759866278548724,7.813187552358215,-13.130930570453568,27.602261870480444,30.566422721879814,0,0,0,0,0,10,10,1,1
286,2013,7,17,21,41470.875,60.24775641823616,118.41895215226042,475,422,991.5647565061564,1003.5647565061564,12.0,15.742568045241681,3.0220416370673773,981.1668879589761,3024375,1.0483493038393499,8.36598654064339,-3.2055413770514303,11.673120460570138,12.105256577494341,0,0,0,0,0,9,9,1,1
286,2013,7,18,0,41471.0,60.35754394037573,118.03385189146383,475,421,992.4957426750767,1004.4957426750767,12.0,15.010916416807962,2.5716903565209215,961.7115799670797,2905625,0.9309861689203536,7.421296207058206,-7.059578209594954,4.069271823598991,8.148411972386064,0,0,0,0,0,10,10,1,1
286,2013,7,18,3,41471.125,60.671220483933695,117.8512688091881,474,420,993.6987448165131,1003.6987448165131,10.0,13.356111238785013,2.813937217137718,942.9100173649128,2793125,1.2030021414363,9.560013908305802,-3.3148280571963165,11.626413417015554,12.089730104189059,0,0,0,0,0,11,11,1,1
286,2013,7,18,6,41471.25,60.13657135779482,118.80127142637252,475,423,995.0482744267524,1001.0482744267524,6.0,11.117771165050039,5.075830421187857,652.0296325583872,1335625,1.3495296102394059,10.78143029687689,17.533023996231748,-19.816756787196308,26.45960657332851,0,0,0,0,0,9,9,1,1
286,2013,7,18,9,41471.375,60.51400505703139,120.20891510128882,472,425,997.3771424103248,1001.3771424103248,4.0,8.957904304336617,2.620748103923979,609.6120012922773,1167500,2.328867983572418,18.535686262111597,25.680253946797073,13.989570833264835,29.2435212460969,0,0,0,0,0,9,9,1,1
286,2013,7,18,12,41471.5,61.17297451013773,118.87978914340809,471,421,998.3864748089062,1002.3864748089062,4.0,8.855001343730297,2.783898568325021,619.9670858738609,1207500,1.0093323985813185,7.9819938762607805,-23.753074528986875,24.42468666638818,34.070131615989474,0,0,0,0,0,8,8,1,1
286,2013,7,18,15,41471.625,61.060388997186195,119.2722921834997,471,422,999.4512392195426,1003.4512392195426,4.0,8.37333789283207,3.3876074078297824,711.8353391542329,1591875,1.064764410636417,8.429493341517793,7.039640933440552,-4.172979284628726,8.183538390067724,0,0,0,0,0,10,10,1,1
286,2013,7,18,18,41471.75,61.46354555562582,119.7166984268526,469,422,1000.1103737773217,1004.4131144219922,4.302740644670557,8.42398285764269,2.5174277634036115,1135.4972402974906,4050625,0.6591345577790344,5.198120451280511,7.868907914984445,14.9429879806557,16.88823855718901,0,0,0,0,0,13,14,2,0
286,2013,7,18,21,41471.875,61.57758207368089,119.32047587758073,469,421,1001.2465010551331,1001.2465010551331,0.0,7.601044521504804,3.147497761115228,14.104739588693906,625,1.1361272778114653,8.950150216409448,-6.990050464353467,4.226760753311369,8.168617506037446,0,0,0,2,0,14,14,1,1
286,2013,7,19,0,41472.0,61.57758207368089,119.32047587758073,469,421,,,,7.601044521504804,,0.0,0,0.0,,0.0,0.0,0.0,0,3,0,0,0,14,14,0,0
288,2013,7,13,12,41466.5,51.327106706414014,64.26745770093736,512,286,996.029680798703,1002.029680798703,6.0,7.7721847956745505,6.489864697905359,860.5047197633742,2326250,,,,,,3,0,0,0,0,4,4,1,1
288,2013,7,13,15,41466.625,52.286579295896566,63.977653101760154,508,287,996.0464158460345,1000.0464158460345,4.0,8.013815408081566,3.284433470068761,561.715830896444,991250,0.01673504733145819,0.14656389924869798,-6.570765293931427,35.56282806832591,36.164757662194326,0,0,0,0,0,5,5,1,1
288,2013,7,13,18,41466.75,52.286579295896566,63.977653101760154,508,287,995.9586983303544,1001.9586983303544,6.0,8.748309816630291,3.9209759340393795,807.7965503001179,2050000,-0.08771751568012405,-0.7682213785150719,0.0,0.0,0.0,0,0,0,0,0,3,3,1,1
288,2013,7,13,21,41466.875,52.39013494287945,64.29004621918874,508,288,995.0896907340929,1003.0896907340929,8.0,9.596828483601657,4.0353738855464325,1019.451704785507,3265000,-0.8690075962615083,-7.600073772203602,7.066349144078676,3.838287523297239,8.04150118681336,0,0,0,0,0,3,3,1,1
288,2013,7,14,0,41467.0,53.434873666357944,69.75750024318454,510,304,994.7150894598827,1004.7150894598827,10.0,9.571031280694807,4.950055088384906,1143.615208388578,4108750,-0.3746012742101448,-3.2312968841632874,120.69699399304103,38.723215239973754,126.75666356242388,0,0,0,0,0,4,4,1,1
288,2013,7,14,3,41467.125,54.18172098028132,69.7211558679292,507,305,993.5159475540656,1003.5159475540656,10.0,11.099643951299798,7.25820062744271,1005.3028840272643,3175000,-1.199141905817087,-10.2455701595249,-0.7883469793879637,27.681877428798394,27.693100746267618,0,0,0,0,0,6,6,1,1
288,2013,7,14,6,41467.25,54.92689264590577,69.68332048796024,504,306,992.98052883096,1002.98052883096,10.0,11.913424853333353,7.151443954803617,986.6262821787208,3058125,-0.5354187231056858,-4.532504003237636,-0.8058300163458524,27.619769565571392,27.631522449378494,0,0,0,0,0,5,5,1,1
288,2013,7,14,9,41467.375,55.670430419176284,69.64390046570476,501,307,992.8358151358593,1000.8358151358593,8.0,12.097667059647534,6.698231496264779,825.2176759827963,2139375,-0.14471369510065415,-1.2140917397163784,-0.8239919308115461,27.559209385424698,27.571524888038443,0,0,0,0,0,6,6,1,1
288,2013,7,14,12,41467.5,57.01384006041372,70.06746343806049,496,310,992.5543866492641,1000.5543866492641,8.0,13.163592699304468,4.519142806614545,762.4391317627577,1826250,-0.28142848659525044,-2.3244979258651237,8.54728510274252,49.793445503663236,50.52171115227437,0,0,0,0,0,6,6,1,1
288,2013,7,14,15,41467.625,57.972651787439915,69.89546754526893,492,311,992.2622197642077,1000.2622197642077,8.0,14.288848310145331,5.108183370733095,623.3273656940545,1220625,-0.2921668850563583,-2.3875953650898016,-3.380827025525105,35.538333217540035,35.69878316213916,0,0,0,0,0,7,7,1,1
288,2013,7,14,18,41467.75,58.92871058672567,69.7131768804659,488,312,991.9702922361283,1001.9702922361283,10.0,15.649824066774766,4.864116829607883,755.492828995292,1793125,-0.2919275280793954,-2.3613220078679937,-3.487108016083206,35.43629601815497,35.60745705329345,0,0,0,0,0,7,7,1,1
288,2013,7,14,21,41467.875,59.88207588103731,69.51964268819076,484,313,991.8591056420408,1001.8591056420408,10.0,16.586603567879635,7.653714674259099,721.4129635032197,1635000,-0.11118659408748499,-0.890552865764737,-3.5994470885404826,35.33646132215022,35.519311903737965,0,0,0,0,0,6,6,1,1
288,2013,7,15,0,41468.0,60.61575095588806,69.46979861245414,481,314,992.0151284308432,1002.0151284308432,10.0,17.11619895478505,13.804630565439801,657.9524642479541,1360000,0.15602278880236553,1.2405567959295256,-0.9064871584258875,27.193648709656724,27.208753170856724,0,0,0,0,0,6,6,1,1
288,2013,7,15,3,41468.125,61.13116239641809,69.57542719655471,479,315,994.2421320344022,1002.2421320344022,8.0,15.335229518777107,11.707757064232064,635.4963950296527,1268750,2.2270036035589875,17.61865191618838,1.890244270287598,19.103712440501067,19.19700113066388,0,0,0,0,0,6,6,1,1
288,2013,7,15,6,41468.25,61.56468612690986,69.25715038568971,477,315,996.8431560744814,1002.8431560744814,6.0,12.396196061332994,8.815833399071561,674.5251615499275,1429375,2.60102404007921,20.49276784655474,-5.617291030579943,16.068546470235926,17.022107513124375,0,0,0,0,0,6,6,1,3
288,2013,7,15,9,41468.375,56.19240256586544,73.39301942138299,502,317,996.8413129625193,1002.8413129625193,6.0,11.055700824766939,10.031121693659516,645.2822017258583,1308125,-0.8294919183145976,-6.916373334041721,13.338589483408041,40.94588197407233,43.0637111735803,0,0,1,0,2,6,6,1,1
288,2013,7,15,12,41468.5,57.962723074886505,73.7479142911396,495,320,999.2328457155569,1002.9433018145296,3.710456098972645,9.64575618152925,3.235712867350594,607.8144549548506,1160625,2.391532753037609,19.545786722141735,6.977896160624326,65.61688637931813,65.98686848869858,0,0,0,1,0,7,8,2,0
288,2013,7,15,15,41468.625,57.962723074886505,73.7479142911396,495,320,,,,9.64575618152925,,0.0,0,0.0,,0.0,0.0,0.0,0,3,0,0,0,7,8,0,0
289,2013,7,15,9,41468.375,56.92686904587711,-63.69898280418113,229,295,1006.5387828865576,1008.5387828865576,2.0,8.601601510363006,11.835259583489242,142.4508871303252,63750,,,,,,3,0,0,0,0,5,5,1,1
289,2013,7,15,12,41468.5,55.18294985611222,-59.99964671363004,227,283,1005.5818859580124,1009.5818859580124,4.0,10.28926428317252,6.924770026127882,316.9646002738459,315625,-0.9568969285451749,-8.075204910781546,78.27818411428701,-64.63832212664857,101.51643608588022,0,0,0,0,0,6,6,1,1
289,2013,7,15,15,41468.625,54.37881923344996,-58.59648186609765,226,278,1002.4469619090413,1008.4469619090413,6.0,13.391617649977771,10.136606059894838,325.0216815494707,331875,-3.134924048971152,-26.71888065857327,30.290339553556564,-29.80508186652452,42.49526532850433,0,0,0,0,0,7,7,1,1
289,2013,7,15,18,41468.75,54.21175200632921,-56.15822290929143,229,272,999.1001860611901,1009.1001860611901,10.0,15.946703858916237,20.00696416374245,450.46925804339475,637500,-3.346775847851095,-28.584327888982507,52.847310123858044,-6.192342688133488,53.208864818698295,0,0,0,0,0,5,5,1,1
289,2013,7,15,21,41468.875,53.78731442885749,-53.95937290717234,231,266,998.4049769963801,1010.4049769963801,12.0,16.53268728681735,17.902378286884414,579.8403377496506,1056250,-0.6952090648100421,-5.969724103363278,48.147188354808456,-15.731768430720825,50.65214985004316,0,0,0,0,0,4,4,1,1
289,2013,7,16,0,41469.0,53.86321924183308,-51.142718152354554,236,260,995.6115593369251,1009.6115593369251,14.0,19.014527170088225,14.114861940108387,537.6478079474099,908125,-2.793417659455008,-23.963707298717363,61.56174562925739,2.8134100369296995,61.625999391144056,0,0,0,0,0,4,4,1,1
289,2013,7,16,3,41469.125,54.670921821594234,-48.65776663897439,243,257,992.778823415758,1008.778823415758,16.0,20.59320455117315,14.244058896413629,554.0488213943723,964375,-2.8327359211671865,-24.055781438202512,53.25874821076164,29.937476369054163,61.096208984886964,0,0,0,0,0,1,1,1,1
289,2013,7,16,6,41469.25,55.04015493890398,-47.63849182541121,246,256,989.3715887623472,1007.3715887623472,18.0,23.152563217955954,18.635538922852575,541.8863995382676,922500,-3.4072346534107054,-28.803494513776865,21.64748547949781,13.685616464666499,25.61073457757546,0,0,0,0,0,1,1,1,1
289,2013,7,16,9,41469.375,55.064685826344615,-46.58381157086195,248,254,987.2707710052517,1007.2707710052517,20.0,25.34079613530536,17.407192449524736,568.2302269306717,1014375,-2.100817757095501,-17.75421898760376,22.385697779658873,0.9092367431624692,22.404155340859003,0,0,0,0,0,1,1,1,1
289,2013,7,16,12,41469.5,55.241442296605605,-45.795723552739275,250,253,985.7047961123166,1005.7047961123166,20.0,27.078394207892266,18.11851961622051,521.4940162727432,854375,-1.5659748929351918,-13.205814085986397,16.653365363214164,6.551474248207211,17.895708780197097,0,0,0,0,0,1,1,1,1
289,2013,7,16,15,41469.625,55.24452320854654,-45.26525634337599,251,252,985.312006482456,1005.312006482456,20.0,27.26379504394753,18.11084099710628,529.0687631706023,879375,-0.3927896298604901,-3.312258267091814,11.2086533619891,0.11419392575672625,11.209235051595147,0,0,0,0,0,2,2,1,1
289,2013,7,16,18,41469.75,55.07695686008896,-44.471943251099816,252,250,985.8650508027187,1005.8650508027187,20.0,26.660501272722673,15.49218500055431,585.8138322384505,1078125,0.5530443202625611,4.673133329942864,16.833058977296464,-6.21084260827877,17.942308670791284,0,0,0,0,0,2,2,1,1
289,2013,7,16,21,41469.875,55.064685826344615,-43.41618842913806,254,248,987.1208936397164,1005.1208936397164,18.0,25.73097170363107,13.23065287593352,560.1197921604794,985625,1.2558428369977628,10.613252228455089,22.408505150929308,-0.45482556568516647,22.41312047427636,0,0,0,0,0,1,1,1,1
289,2013,7,17,0,41470.0,55.04015493890398,-42.3615081745888,256,246,987.7878782596375,1005.7878782596375,18.0,25.269857023403272,12.27524124285177,593.2380364676169,1105625,0.6669846199211316,5.638439906520908,22.39941662405878,-0.9092367431624692,22.41786288996517,0,0,0,0,0,1,1,1,1
289,2013,7,17,3,41470.125,55.02329858739324,-41.8347936111896,257,245,988.1838541067383,1006.1838541067383,18.0,24.441782408167395,11.274742778067084,639.0863577870962,1283125,0.3959758471007808,3.3481213672653407,11.191208800336899,-0.624780256577218,11.208635277398706,0,0,0,0,0,2,2,1,1
289,2013,7,17,6,41470.25,55.33551686562304,-41.27437180665102,259,245,988.3368320796018,1004.3368320796018,16.0,23.600691767300614,10.193717297560289,580.0118627756624,1056875,0.15297797286344575,1.2885916666841495,11.814465623533918,11.572362848284369,16.537871080100274,0,0,0,0,0,1,1,1,1
289,2013,7,17,9,41470.375,55.46542580377403,-40.45800431973326,261,244,989.4287084849831,1005.4287084849831,16.0,22.72544817636146,9.417078316471452,593.4056888763525,1106250,1.0918764053813357,9.18291608297407,17.15362914441127,4.815071616057356,17.816618856891925,0,0,0,0,0,1,1,1,1
289,2013,7,17,12,41470.5,55.76864970788748,-39.87868348922139,263,244,990.3026430222068,1006.3026430222068,16.0,21.866567739554345,8.562779284095377,625.8754697900594,1230625,0.8739345372236857,7.323409004962655,12.07902272229812,11.238986591590201,16.499018441463075,0,0,0,0,0,2,2,1,1
289,2013,7,17,15,41470.625,56.24925360039897,-39.53379496126426,265,245,991.5573598811745,1007.5573598811745,16.0,20.080325462198513,7.616049267593699,771.9043452399288,1871875,1.2547168589677313,10.45499310541465,7.102143596904157,17.813571524301608,19.177168042295918,0,0,0,0,0,3,3,1,1
289,2013,7,17,18,41470.75,56.39809434140123,-39.23486544202764,266,245,992.5891152492367,1006.5891152492367,14.0,18.667264783170936,7.639272143666749,711.41599576635,1590000,1.0317553680621494,8.582286646549093,6.131778281794639,5.51677842582274,8.24824521317787,0,0,0,0,0,3,3,1,1
289,2013,7,17,21,41470.875,56.72791455159479,-39.179275754474965,267,246,993.9420165284795,1005.9420165284795,12.0,17.01016440970456,7.435105774261682,553.1504118177702,961250,1.3529012792427966,11.2109294676278,1.1303841249855788,12.224778026122122,12.276928201222718,0,0,0,0,0,2,2,1,1
289,2013,7,18,0,41471.0,56.69272522109238,-38.629283068105984,268,245,995.0818775066336,1007.0818775066336,12.0,16.262309824086067,6.991815731099414,588.0171033797764,1086250,1.1398609781541744,9.44936314671757,11.194218926676315,-1.3042916746288986,11.269947389001622,0,0,0,0,0,2,2,1,1
289,2013,7,18,3,41471.125,56.69272522109238,-38.629283068105984,268,245,995.6643551417303,1007.6643551417303,12.0,15.136419462355224,7.0164044714847105,620.4482400680349,1209375,0.5824776350967295,4.828696485235569,0.0,0.0,0.0,0,0,0,0,0,3,3,1,1
289,2013,7,18,6,41471.25,56.98321617015572,-38.01329546333307,270,245,995.7469510246821,1007.7469510246821,12.0,14.767932759763303,6.702332445579814,627.6212903913004,1237500,0.08259588295171852,0.6824490918613381,12.44052827772804,10.767039924002217,16.452838434568324,0,0,0,0,0,2,2,1,1
289,2013,7,18,9,41471.375,56.94135023893759,-37.46055486049069,271,244,996.9845758567146,1006.9845758567146,10.0,14.056264758792679,7.2161436810475434,529.2567428401228,880000,1.2376248320325975,10.230744848127856,11.175744379115795,-1.5517597169024744,11.282961519314844,0,0,0,0,0,1,1,1,1
289,2013,7,18,12,41471.5,57.224047365024866,-36.830191637291705,273,244,998.3774318800637,1008.3774318800637,10.0,13.057685572369769,5.916429970160316,572.5898905580716,1030000,1.3928560233490135,11.477235674535455,12.64839697875997,10.478162065967817,16.424793040187488,0,0,0,0,0,2,2,1,1
289,2013,7,18,15,41471.625,57.639870474301816,-35.86481164058984,276,244,1000.0328214893347,1008.0328214893347,8.0,11.948273039376954,5.015729377942916,505.02058998100495,801250,1.6553896092709328,13.57744484779107,19.151650061666547,15.412473377720838,24.583125019075297,0,0,0,0,0,2,2,1,1
289,2013,7,18,18,41471.75,58.23676560230547,-35.10939505824197,279,245,1001.5783501409269,1009.5783501409269,8.0,10.428163831213404,3.4312933597411757,575.1898277545226,1039375,1.5455286515923217,12.593919694940553,14.739147285201943,22.12390332428679,26.584009498141246,0,0,0,0,0,2,2,1,1
289,2013,7,18,21,41471.875,58.95762722992663,-33.980317218965475,283,246,1003.0291907908421,1009.0291907908421,6.0,9.839136058691816,2.695668094608991,491.64679376643556,759375,1.4508406499151898,11.731887367069687,21.58021985778124,26.718718601403992,34.3452443987692,0,0,0,0,0,4,4,1,1
289,2013,7,19,0,41472.0,60.11895725505814,-33.87081071038882,286,250,1004.2474865839436,1008.2474865839436,4.0,8.533050128124547,1.2656415666318208,397.19307312671157,495625,1.2182957931014244,9.734718403482198,2.0221254526535715,43.04466898487375,43.09213987914295,0,0,0,0,0,3,3,1,1
289,2013,7,19,3,41472.125,60.11895725505814,-33.87081071038882,286,250,,,,8.533050128124547,,0.0,0,0.0,,0.0,0.0,0.0,0,3,0,0,0,3,3,0,0
299,2013,7,15,21,41468.875,52.39445497916685,-107.11550964684912,202,408,1006.6833541361774,1006.6833541361774,0.0,8.812136014677387,6.9377156109626235,14.104739588693906,625,-1.9702789513928292,-17.230454314098168,17.617619724400857,24.742208069074742,30.373629761472127,2,0,0,2,0,11,11,1,1
299,2013,7,16,0,41469.0,53.18342701053171,-105.62857857113376,204,403,1006.3072466461089,1008.3072466461089,2.0,8.445853636239294,5.286444996360806,190.28334018879895,113750,-0.3761074900685344,-3.2549158293108236,33.026195485469266,29.243229050741032,44.1123115871129,0,0,0,0,0,13,13,1,1
299,2013,7,16,3,41469.125,54.569283379064096,-103.18780992130559,208,395,1005.0241323832197,1007.0241323832197,2.0,9.995206357935423,5.5409245380737415,173.8949084575512,95000,-1.2831142628891394,-10.910026479113824,52.442740536273746,51.366732412950924,73.408325370755,0,0,0,0,0,10,10,1,1
299,2013,7,16,6,41469.25,55.14144110838849,-100.72305641026314,209,388,1002.5855857372217,1006.5855857372217,4.0,14.38660844428014,6.659545043147228,274.589974853026,236875,-2.4385466459979943,-20.58915108645774,52.212057490085215,21.207012247114466,56.35455896196178,0,0,0,0,0,10,10,1,1
299,2013,7,16,9,41469.375,56.66875119053097,-97.24614889467021,214,378,998.7760057958602,1006.7760057958602,8.0,18.745684917309273,7.068693083951656,428.74696415384574,577500,-3.809579941361444,-31.58982353166745,70.80453930229596,56.60971084910937,90.65286618872094,0,0,0,0,0,11,11,1,1
299,2013,7,16,12,41469.5,57.57105809232609,-93.81407483429035,217,369,996.230397145767,1006.230397145767,10.0,21.640802852461153,4.8621161204726375,453.7694432474928,646875,-2.5456086500932,-20.894905011054966,68.20936727434385,33.44398325199586,75.967215295324,0,0,0,0,0,8,8,1,1
299,2013,7,16,15,41469.625,59.039404505655476,-91.04925594088007,223,362,992.0627928055927,1004.0627928055927,12.0,24.18680279078947,3.362934839750378,422.9070433316492,561875,-4.167604340174294,-33.671477939338075,52.715857962120836,54.42422390632073,75.76910866895447,0,0,0,0,0,10,10,1,1
299,2013,7,16,18,41469.75,60.66584831625144,-88.89404124771147,230,357,987.3835030481268,1003.3835030481268,16.0,27.509231087793292,10.355045602419922,455.9562966050456,653125,-4.679289757465885,-37.187325339406186,39.13309167487778,60.28410007023847,71.87191096188354,0,0,0,0,0,6,6,1,1
299,2013,7,16,21,41469.875,61.570212308726354,-87.4906352601483,234,354,984.8093019837158,1010.8093019837158,26.0,28.88275686098273,9.992917794743553,902.8135202296037,2560625,-2.5742010644110267,-20.280377752636326,24.76395028836269,33.520229267742565,41.67564041555359,0,0,0,0,0,5,5,1,1
299,2013,7,17,0,41470.0,62.008052923221435,-86.5247672232699,236,352,980.6698624364494,1010.6698624364494,30.0,32.2084126824684,16.835697821719076,932.6209111944725,2732500,-4.139439547266375,-32.478411963250174,16.802425345185874,16.228551670262952,23.359952628268303,0,0,0,0,0,5,5,1,1
299,2013,7,17,3,41470.125,62.43707804103067,-85.52917916450482,238,350,978.2623900778624,1012.2623900778624,34.0,33.86016192224685,21.61059597222462,1054.0874946892664,3490625,-2.4074723585871105,-18.81488709458721,17.07495901157741,15.901805501156918,23.33284473534406,0,0,0,0,0,6,6,1,1
299,2013,7,17,6,41470.25,62.60431106321919,-84.07763697853353,239,347,977.14341280111,1011.14341280111,34.0,34.424908817301834,24.625099716244293,996.457676579674,3119375,-1.1189772767524118,-8.731769898108016,24.755265548701082,6.198487878267212,25.519491067882452,0,0,0,0,0,6,6,1,1
299,2013,7,17,9,41470.375,63.01109203872237,-83.02380352295519,241,345,975.8214445736847,1011.8214445736847,36.0,35.159471085953015,24.624898240996263,1076.8670781964329,3643125,-1.321968227425241,-10.278220329497769,17.72607389076369,15.07732691049239,23.27100088837333,0,0,0,0,0,7,7,1,1
299,2013,7,17,12,41470.5,63.69728642782247,-82.8444584651141,244,345,975.9585164094527,1009.9585164094527,34.0,34.78011287545723,21.151270979513356,1001.0391153408273,3148125,0.1370718357680016,1.0593398110854537,2.945561645009277,25.433778253297806,25.603777253414663,0,0,0,0,0,7,7,1,1
299,2013,7,17,15,41470.625,64.38218111628389,-82.65570071049733,247,345,977.3823462886138,1007.3823462886138,30.0,32.61339602353315,17.49533762316365,927.3799241588257,2701875,1.4238298791610577,10.94000610011521,3.0249631803696024,25.38560488090535,25.565197777682798,0,0,0,0,0,7,7,1,1
299,2013,7,17,18,41470.75,64.91857858495061,-84.05848020624724,249,348,979.1378483648681,997.1378483648681,18.0,30.933470414179205,8.828826447004394,462.2396684630923,671250,1.7555020762543427,13.428718712518098,-22.040099464813093,19.881559060240644,29.68235797716703,0,0,0,0,0,7,7,1,1
299,2013,7,17,21,41470.875,65.41947998052777,-84.99608004775966,251,350,980.7493995744143,998.7493995744143,18.0,29.30752867419697,13.887157107966777,483.48611424344057,734375,1.61155120954616,12.277797964837575,-14.455760869156363,18.56589797911971,23.53001466377175,0,0,0,0,0,6,6,1,1
299,2013,7,18,0,41471.0,65.71185848694914,-87.07114180030689,252,354,983.5877620770241,999.5877620770241,16.0,26.7930974210397,12.569154920639413,490.63413194201206,756250,2.838362502609816,21.574330132095653,-31.634493617862034,10.837002191323842,33.43922551365853,0,0,0,0,0,8,8,1,1
299,2013,7,18,3,41471.125,65.5081195284932,-88.68005430607823,251,357,985.5868052176456,999.5868052176456,14.0,24.71149106380488,9.204403251970144,480.8040711568258,726250,1.9990431406215066,15.219200351199964,-24.72157942237141,-7.551579513382796,25.849232914799625,0,0,0,0,0,9,9,1,1
299,2013,7,18,6,41471.25,65.05539180678974,-90.25925515150139,249,360,987.8163521559674,999.8163521559674,12.0,22.42124452980178,4.502652345934039,464.60078730925875,678125,2.229546938321728,17.035935573043144,-24.685191861188162,-16.780341934924277,29.84859414908261,0,0,0,0,0,8,8,1,1
299,2013,7,18,9,41471.375,64.34571197055259,-92.2704496706651,246,364,989.7128350693446,1001.7128350693446,12.0,20.44116085248273,4.919484385144314,517.0882945826411,840000,1.8964829133772583,14.576090417773917,-32.27211550810277,-26.304265777171114,41.63416670769793,0,0,0,0,0,8,8,1,1
299,2013,7,18,12,41471.5,63.86396678635062,-93.22104021550048,244,366,991.6510256081588,1001.6510256081588,10.0,18.54365151106663,3.4939717443413247,471.19119857356634,697500,1.938190538814233,14.95757968708061,-15.520399749800468,-17.85587347290228,23.65829718880676,0,0,0,0,0,7,7,1,1
299,2013,7,18,15,41471.625,62.93005733081407,-93.59125903720555,240,367,993.1205803413795,1003.1205803413795,10.0,16.780537371622657,4.838434299384317,531.6944307278186,888125,1.4695547332207206,11.433943356280272,-6.244638477601433,-34.61533113368222,35.174090737507484,0,0,0,0,0,9,9,1,1
299,2013,7,18,18,41471.75,62.45413868662304,-94.00182658010982,238,368,994.6346145847574,1002.6346145847574,8.0,14.760935317956418,5.258375894346099,496.87936712174184,775625,1.5140342433778278,11.830647931945943,-7.0375310838780765,-17.639912909866606,18.99192910749797,0,0,0,0,0,12,12,1,1
299,2013,7,18,21,41471.875,61.993108607450246,-93.9372251648241,236,368,997.0629165197845,1005.0629165197845,8.0,11.823942092986305,6.549810392083819,944.4911095558673,2802500,2.4283019350271204,19.055316036872252,1.1243803591661106,-17.088068611518032,17.12502029382816,0,0,0,0,0,12,12,1,1
299,2013,7,19,0,41472.0,61.03502145870877,-94.70785224437222,232,370,998.3371891306159,1004.3371891306159,6.0,10.300160355062276,4.773377755096881,910.1656326149188,2602500,1.2742726108313946,10.09059251753653,-13.832397562598043,-35.511476741134196,38.110368702833135,0,0,0,0,0,12,12,1,3
299,2013,7,19,3,41472.125,59.87857914140435,-94.53095158180636,227,370,999.9002727640406,999.9002727640406,0.0,8.611589467961764,3.0741677958022047,14.104739588693906,625,1.5630836334246851,12.52001562258095,3.2904345874418457,-42.86350621377611,42.989616475524144,0,0,0,2,0,12,12,1,1
299,2013,7,19,6,41472.25,56.216080335136446,-92.12109639666146,211,365,,,,8.734226260793177,,0.0,0,-1.0099982334903326,,49.66564245749531,-135.75042869958133,144.55052726585217,0,3,3,0,0,12,11,0,0
305,2013,7,13,3,41466.125,63.214665111153096,-37.11165055511212,288,265,1005.275665469338,1007.275665469338,2.0,10.329938402520765,2.025716174140034,237.27844638474429,176875,,,,,,3,0,0,0,0,2,2,1,1
305,2013,7,13,6,41466.25,63.49029810239604,-36.33261282004451,290,265,1004.7619135269316,1006.7619135269316,2.0,10.60147392568412,2.149204377334172,223.4611004069437,156875,-0.5137519424063793,-3.977586062205982,12.88826438298043,10.21633008069321,16.446299253123144,0,0,0,0,0,0,0,1,1
305,2013,7,13,9,41466.375,63.62615004505733,-35.93714388565708,291,265,1004.6590081050552,1006.6590081050552,2.0,10.512594907392085,1.7293967206314118,241.43425172789108,183125,-0.10290542187634856,-0.7957786109838128,6.511479717926618,5.035348932913944,8.231288294864134,0,0,0,0,0,0,0,1,1
305,2013,7,13,12,41466.5,63.67553147350739,-36.62399452257332,290,266,1003.9343909582665,1007.9343909582665,4.0,10.553701226176331,4.088488762700435,346.930721777772,378125,-0.7246171467888053,-5.601150194865974,-11.28944290221746,1.830321438036372,11.43685260939231,0,0,0,0,0,2,2,1,1
305,2013,7,13,15,41466.625,63.94767661022084,-35.82646455771808,292,266,1003.4785919120037,1007.4785919120037,4.0,10.093241687079036,3.441444005941012,310.30427095126595,302500,-0.45579904626269124,-3.5150176086879186,12.982611985871701,10.087052837841833,16.440707069013563,0,0,0,0,0,3,3,1,1
305,2013,7,13,18,41466.75,64.02563061962874,-34.726669358370714,294,265,1003.0138526358354,1007.0138526358354,4.0,9.714250601691976,3.910482738652208,306.7578199542485,295625,-0.46473927616840227,-3.581583723019425,17.853096730748955,2.889363452586861,18.085394218501946,0,0,0,0,0,1,1,1,1
305,2013,7,13,21,41466.875,64.22046234296228,-33.20275186927624,297,264,1003.1635865533453,1007.1635865533453,4.0,9.129430798326116,3.851613435009931,323.1801841141507,328125,0.14973391751002055,1.1520452980990248,24.564827650142412,7.221433061368863,25.60429364268877,0,0,0,0,0,1,1,1,1
305,2013,7,14,0,41467.0,64.22046234296228,-33.20275186927624,297,264,1002.8468517198536,1006.8468517198536,4.0,8.915120583899926,4.785676904667489,316.3363249281201,314375,-0.3167348334917915,-2.4369420217966073,0.0,0.0,0.0,0,0,0,0,0,1,1,1,1
305,2013,7,14,3,41467.125,64.15201596902143,-32.509594282090816,298,263,1002.3396092719023,1006.3396092719023,4.0,8.54080240628339,4.379148750087625,324.7154905426913,331250,-0.5072424479512847,-3.904953950794551,11.20121277777238,-2.5369631764796345,11.484918365044868,0,0,0,0,0,2,2,1,1
305,2013,7,14,6,41467.25,63.95765864517035,-32.24246783912332,298,262,1002.1978896639505,1004.1978896639505,2.0,8.247495315151761,4.133736166855088,212.97689729449573,142500,-0.14171960795181804,-1.0928160244703862,4.346900056701404,-7.203849456151574,8.413737997456659,0,0,0,0,0,2,2,1,1
305,2013,7,14,9,41467.375,64.20031358915648,-31.393896945750694,300,262,1002.1861600691384,1006.1861600691384,4.0,7.850751056060524,3.4733704379734265,413.3916062826175,536875,-0.011729594812059076,-0.09026225403308123,13.688745047931139,8.993999565492478,16.379064966332425,0,0,2,0,0,3,3,1,2
305,2013,7,14,12,41467.5,60.89044899621378,-33.25742153496045,289,252,1001.5143658397512,1005.5143658397512,4.0,12.304824183303356,4.288622211273541,382.6519928662906,460000,-0.6717942293871602,-5.32719943504755,-33.60084053100079,-122.68005020522858,127.19831446503979,0,0,1,0,0,1,1,1,1
305,2013,7,14,15,41467.625,61.509478011627,-31.354048720779264,294,252,1000.5937382353441,1004.5937382353441,4.0,12.381782942364225,3.9101348932615654,344.3405764696662,372500,-0.9206276044072002,-7.257166832114068,33.65136710293601,22.94429531990898,40.72904609273044,0,0,0,0,0,2,2,1,1
305,2013,7,14,18,41467.75,62.20675822158109,-28.96401796188602,300,252,1000.0587500694074,1006.0587500694074,6.0,12.464361790633744,4.787168802823216,435.1946487255507,595000,-0.5349881659366656,-4.189866588707994,41.30394119361388,25.844673932182097,48.723328383704725,0,0,0,0,0,1,1,1,1
305,2013,7,14,21,41467.875,62.73992332553751,-27.946685231299057,303,253,999.7600905188972,1005.7600905188972,6.0,12.305311055388444,5.086226264666839,412.1867316527768,533750,-0.2986595505102014,-2.3276958789194278,17.270956819321967,19.761751541291286,26.245242872463812,0,0,0,0,0,1,1,1,1
305,2013,7,15,0,41468.0,63.15829812605466,-27.32031902256115,305,254,999.0609380410383,1005.0609380410383,6.0,12.699590151453476,6.5264708609813535,371.8411714846597,434375,-0.6991524778588791,-5.4287813807904435,10.482723121759998,15.50705175114541,18.717802703848108,0,0,0,0,0,1,1,1,1
305,2013,7,15,3,41468.125,63.46869988444592,-27.110708770493712,306,255,998.5443210782171,1006.5443210782171,8.0,12.586643049270695,6.815744527738861,492.4554239078655,761875,-0.516616962821281,-4.000520193395056,3.470395790520898,11.505033584885899,12.01704808728906,0,0,0,0,0,1,1,1,1
305,2013,7,15,6,41468.25,63.6735545738693,-27.33481379842076,306,256,998.5448745544726,1006.5448745544726,8.0,12.502479803213634,7.293097209345579,523.5879959240755,861250,0.0005534762555907946,0.004278337291856246,-3.6837823127021228,7.592934054409202,8.439366071097044,0,0,0,0,0,1,1,1,1
305,2013,7,15,9,41468.375,63.87790119140404,-27.562362465029587,306,257,998.8431623117463,1006.8431623117463,8.0,12.53791392959744,7.211977142333198,545.7276676701568,935625,0.298287757273647,2.3016987146464216,-3.713403730949453,7.574102382279628,8.435424954694533,0,0,0,0,0,1,1,1,1
305,2013,7,15,12,41468.5,63.77058451105233,-27.999905546361244,305,257,998.4286012650877,1008.4286012650877,10.0,13.275717517006429,6.753441183844335,649.8903216929125,1326875,-0.41456104665863674,-3.201852905880628,-7.167587233837161,-3.9776901331489354,8.19733649120346,0,0,0,0,0,2,2,1,1
305,2013,7,15,15,41468.625,63.86396678635062,-28.66975158634522,304,258,998.4472483490763,1008.4472483490763,10.0,13.057687168452594,7.4285335598349045,655.8324738116031,1351250,0.01864708398861694,0.14390496656848847,-10.936703241624702,3.461211750565503,11.47133229305197,0,0,0,0,0,2,2,1,1
305,2013,7,15,18,41468.75,63.95366540641326,-29.344218041150075,303,259,997.8517956550221,1007.8517956550221,10.0,13.175500395139327,7.03671143270818,638.7749880449662,1281875,-0.5954526940541109,-4.591759875671916,-10.976992291726017,3.3246771593274147,11.469430586841083,0,0,0,0,0,3,3,1,1
305,2013,7,15,21,41468.875,63.6399682329324,-29.531660347908872,302,258,997.9301426084875,1007.9301426084875,10.0,13.2177904556046,6.522256077649874,644.9738231172188,1306875,0.07834695346537046,0.6057929291466724,-3.0847798239639235,-11.627178064603033,12.0294279293872,0,0,0,0,0,2,2,1,1
305,2013,7,16,0,41469.0,63.52567570519628,-29.957199253946154,301,258,997.9024627954648,1009.9024627954648,12.0,12.80324117368706,6.754514235885507,802.7319451992124,2024375,-0.02767981302269618,-0.2142375576429311,-7.031355642664759,-4.236249745879803,8.208883851237038,0,0,0,0,0,3,3,1,2
305,2013,7,16,3,41469.125,63.21077422663123,-30.13464249226028,300,257,997.7669953244066,1009.7669953244066,12.0,12.34519154493808,6.857583955811569,806.6875315554265,2044375,-0.13546747105821852,-1.0513913899704916,-2.9642847893135627,-11.671815603101054,12.042352917306028,0,0,0,0,0,2,2,1,1
305,2013,7,16,6,41469.25,63.21077422663123,-30.13464249226028,300,257,997.8288969201633,1007.8288969201633,10.0,11.392582092910256,6.872498594068893,692.8571982024357,1508125,0.06190159575664438,0.48043123781354,0.0,0.0,0.0,0,0,0,0,0,2,2,1,1
305,2013,7,16,9,41469.375,63.125306023890694,-29.475889003245747,301,256,998.4592472913741,1006.4592472913741,8.0,10.781230054531912,6.595595086168614,597.0821321441847,1120000,0.6303503712109523,4.895974034868215,11.037287635562066,-3.1678768447255465,11.482907386784914,0,0,0,0,0,2,2,1,2
305,2013,7,16,12,41469.5,62.924277671131435,-29.240477833107136,301,255,999.2326282697421,1005.2326282697421,6.0,9.281640440611284,6.478924922733785,511.86797620581103,823125,0.7733809783679316,6.017639249309367,3.971567425441336,-7.451110979514038,8.443482850332638,0,0,0,0,0,2,2,1,2
305,2013,7,16,15,41469.625,63.146649593861234,-28.398753012829193,303,255,1000.3477715979996,1005.5287427703167,5.180971172317222,7.902075253497596,5.010121660071963,511.86797620581103,823125,1.1151433282574,8.65975957537287,14.092530221507506,8.242209878583186,16.325851638634862,0,0,0,0,0,3,4,2,0
305,2013,7,16,18,41469.75,65.71612003568153,-15.908831911302455,330,256,998.70408422729,1004.70408422729,6.0,14.888666711660234,4.48342545235515,443.3467657697423,617500,-0.8246585430267441,-6.268000844144418,10.092812473886603,-5.783182378226278,11.632285332335515,0,0,0,0,2,3,3,1,1
305,2013,7,16,21,41469.875,66.42475910653584,-11.309932474020213,339,257,998.0066284256901,1006.0066284256901,8.0,15.949010736648482,5.235385373713652,484.5137160706037,737500,-0.6974558015998628,-5.27215232568838,68.15985394315992,26.265689833704702,73.04554847486102,0,0,0,0,0,2,2,1,1
305,2013,7,17,0,41470.0,66.87352909115651,-11.529035725354277,339,259,997.5761405226712,1005.5761405226712,8.0,16.53412550861053,5.951579146792283,435.8798152196888,596875,-0.4304879030189477,-3.2431247378335617,-3.189641105167309,16.63364850672481,16.93670785675426,0,0,0,0,0,2,2,1,1
305,2013,7,17,3,41470.125,67.36704836574812,-11.198026796954007,340,261,997.0253296280861,1005.0253296280861,8.0,16.614891660353337,6.759073757714723,376.09700300975805,444375,-0.5508108945851563,-4.13453422500909,4.721364780774384,18.292279845296335,18.891765066604318,0,0,0,0,0,3,3,1,1
305,2013,7,17,6,41470.25,67.67639508916893,-10.175510843043208,342,262,996.7827863235275,1004.7827863235275,8.0,16.555181136123625,6.177828480789758,372.37581039698836,435625,-0.24254330455849413,-1.8165323960727469,14.39549116600278,11.465928739504093,18.40374113515646,0,0,0,0,0,3,3,1,1
305,2013,7,17,9,41470.375,67.97816316863775,-9.125008647935974,344,263,996.9418157286838,1006.9418157286838,10.0,16.592950577267086,5.910588091041864,439.063121680765,605625,0.15902940515617955,1.1884997752641497,14.599578714075207,11.18502648673486,18.391642562246535,0,0,0,0,0,3,3,1,1
305,2013,7,17,12,41470.5,68.23895950826558,-8.633419827363756,345,264,996.4951824218886,1006.4951824218886,10.0,17.00760118703267,7.745071728207477,415.31213511748194,541875,-0.44663330679512003,-3.3317963512387876,6.7550691926488176,9.666409951362226,11.792813114149983,0,0,0,0,0,3,3,1,1
305,2013,7,17,15,41470.625,68.27206333039084,-8.046091007452398,346,264,997.1055792652475,1007.1055792652475,10.0,16.31123562919678,6.749561407479705,416.7467236212311,545625,0.6103968433589034,4.552390838460678,8.058969379343896,1.226992357623804,8.1518401421317,0,0,0,0,0,4,4,1,1
305,2013,7,17,18,41470.75,68.10466949829909,-6.795944016018952,348,263,997.865220894151,1007.865220894151,10.0,15.559103279890348,5.413732274789582,447.81159910813847,630000,0.7596416289034823,5.672099105022614,17.279211933121225,-6.204448293397553,18.359366646351468,0,0,0,0,0,4,4,1,1
305,2013,7,17,21,41470.875,68.19410909542168,-4.44410612165269,352,263,999.1719550281517,1009.1719550281517,10.0,14.42258663821353,4.304483654919386,497.4795840111404,777500,1.3067341340007261,9.751028774023027,32.37879836702691,3.315076480388058,32.54806162835825,0,0,0,0,0,3,3,1,1
305,2013,7,18,0,41471.0,68.25314101101212,-1.484014675662106,357,263,1000.0287008484173,1010.0287008484173,10.0,13.855720061208421,5.0512409661094715,568.0551444347792,1013750,0.8567458202656417,6.390523580311197,40.64648811097476,2.188016507922374,40.70533640684662,0,0,0,0,0,3,3,1,1
305,2013,7,18,3,41471.125,68.03196115226687,0.29382193465070383,360,262,1001.1542594474973,1009.1542594474973,8.0,13.08102552737207,4.969051530944344,498.0790776016313,779375,1.125558599079959,8.408626596894214,24.64994166093274,-8.198026056143584,25.977437423745183,0,0,0,0,0,4,4,1,1
305,2013,7,18,6,41471.25,68.00855541395761,2.642545294064724,364,262,1001.9291287969919,1007.9291287969919,6.0,12.717317080159816,4.4683829594511915,391.13640721247674,480625,0.7748693494945473,5.789713128014471,32.597501636306276,-0.8675331181204111,32.60904363271064,0,0,0,0,0,3,3,1,1
305,2013,7,18,9,41471.375,67.49259379001644,4.882759563833057,368,260,1003.5402046634955,1007.5402046634955,4.0,11.594554102447754,4.625237798406524,326.8528041036741,335625,1.6110758665036702,12.082158320030283,31.78372774005107,-19.12410497518143,37.09362128662354,0,0,0,0,0,2,2,1,1
305,2013,7,18,12,41471.5,67.16978902639568,7.089930144155214,372,259,1005.4931733287432,1007.4931733287432,2.0,9.888070488194916,3.9418000454438875,224.3496172334865,158125,1.9529686652476084,14.680666395681525,31.740249532344727,-11.964750670441942,33.92047610192626,0,0,0,0,0,3,3,1,1
305,2013,7,18,15,41471.625,66.81336969796345,9.233323509277204,376,258,1006.9292720445623,1006.9292720445623,0.0,8.309414107344253,3.5148688012286584,14.104739588693906,625,1.4360987158190983,10.823856542761915,31.278064106197085,-13.21067369324128,33.953485736528904,0,0,0,0,0,3,3,1,1
305,2013,7,18,18,41471.75,66.81336969796345,9.233323509277204,376,258,,,,8.309414107344253,,0.0,0,0.0,,0.0,0.0,0.0,0,3,0,0,0,3,3,0,0
306,2013,7,12,6,41465.25,69.20691943347087,-7.779137190914359,347,268,1008.0291731684409,1008.0291731684409,0.0,8.308921788263792,2.38986885970975,14.104739588693906,625,,,,,,3,0,0,0,0,3,3,1,1
306,2013,7,12,9,41465.375,69.49002346725605,-6.617987287987022,349,269,1007.6797201052552,1009.6797201052552,2.0,9.008006440833903,2.717815491160727,395.6875980703111,491875,-0.3494530631856469,-2.58493796799547,15.079015486468485,10.49324408984056,18.37076154028815,0,0,0,0,0,3,3,1,1
306,2013,7,12,12,41465.5,69.26374027031461,-6.546290783294036,349,268,1006.5743643751907,1008.5743643751907,2.0,10.804156475430334,3.0533809171967006,229.60852531905326,165625,-1.1053557300644752,-8.188584441113058,0.9409073180191123,-8.387181161599985,8.439793505684815,0,0,0,0,0,2,2,1,1
306,2013,7,12,15,41465.625,69.96778057281826,-6.126933005494084,350,271,1004.9031116004995,1006.9031116004995,2.0,12.237716388399623,3.0605181029018422,203.9098547955877,130625,-1.6712527746912382,-12.324403532238218,5.324387425168588,26.095236597235047,26.632883330930746,0,0,0,0,0,2,2,1,1
306,2013,7,12,18,41465.75,70.44360211426174,-5.612203229324873,351,273,1003.2460459055877,1009.2460459055877,6.0,13.663715976535073,2.988496252464247,539.1258803114296,913125,-1.6570656949118712,-12.183313287791465,6.3861964726617755,17.636313798902865,18.75694724097739,0,0,0,0,0,1,1,1,1
306,2013,7,12,21,41465.875,70.6698402264595,-5.677416662045332,351,274,1002.1480869415067,1008.1480869415067,6.0,14.807818277947538,3.8106349703323215,439.289618018595,606250,-1.0979589640810445,-8.061325198844841,-0.8000983666230929,8.38551009667795,8.423594065347688,0,0,0,0,0,1,1,1,1
306,2013,7,13,0,41466.0,71.34790987754057,-5.88244559009534,351,277,1000.1362669542588,1010.1362669542588,10.0,16.095750370201596,4.455190267380676,597.5817128748505,1121875,-2.011819987247873,-14.710945446590818,-2.4304427998448976,25.13263503728726,25.249879130815597,0,0,0,0,0,1,1,1,1
306,2013,7,13,3,41466.125,71.77420888295784,-6.730483934615653,350,279,999.0239303488081,1009.0239303488081,10.0,16.24758244599761,4.2973124941045535,538.0177067238444,909375,-1.1123366054506914,-8.113539287601576,-9.830832961666317,15.800762212006715,18.6093891141156,0,0,0,0,0,3,3,1,1
306,2013,7,13,6,41466.25,71.77420888295784,-6.730483934615653,350,279,997.9777521401735,1007.9777521401735,10.0,16.52347914801812,5.196867386894737,530.9455649607779,885625,-1.0461782086345193,-7.630970657618154,0.0,0.0,0.0,0,0,0,0,0,1,1,1,1
306,2013,7,13,9,41466.375,71.97118867433235,-7.523820438638627,349,280,997.4649342268228,1009.4649342268228,12.0,16.233441899479462,5.002882369783765,625.0803030736156,1227500,-0.5128179133507365,-3.736358149854611,-9.100639933963233,7.301051150783541,11.667347389788477,0,0,0,0,0,1,1,1,1
306,2013,7,13,12,41466.5,72.13027936660414,-9.047571999900708,347,281,998.3588509539733,1008.3588509539733,10.0,14.42674028080815,3.6820788955893664,583.0906852111954,1068125,0.8939167271504993,6.5071638046203315,-17.329962624708607,5.896692618997887,18.305698249909543,0,0,0,0,0,3,3,1,1
306,2013,7,13,15,41466.625,72.13027936660414,-9.047571999900708,347,281,997.7417247010277,1007.7417247010277,10.0,14.199191539273633,3.6930196262650856,599.2439739797879,1128125,-0.6171262529455999,-4.492299443651075,0.0,0.0,0.0,0,0,0,0,0,4,4,1,1
306,2013,7,13,18,41466.75,71.83027878542923,-10.336554146499312,345,280,997.7493249287794,1007.7493249287794,10.0,13.265908732765881,2.5205130657243715,660.668170437719,1371250,0.007600227751681814,0.05541929610863907,-14.897871152043308,-11.119514205689853,18.590055433844803,0,0,0,0,0,2,2,1,1
306,2013,7,13,21,41466.875,71.38353300882808,-10.088169783390018,345,278,997.5599516557184,1007.5599516557184,10.0,13.302293218578697,1.5145149441696413,711.8353391542329,1591875,-0.18937327306106455,-1.3844558179514974,2.9389598847305347,-16.558621285977207,16.817414310662407,0,0,0,0,0,2,2,1,1
306,2013,7,14,0,41467.0,72.25050001947953,-6.17992424918311,351,281,997.1946148087748,1007.1946148087748,10.0,12.747944506912527,1.820548025133321,746.3526651802308,1750000,-0.36533684694353724,-2.6576354635483055,44.15337545826361,32.134111050880115,54.60880567627066,0,0,0,1,0,3,3,1,2
306,2013,7,14,3,41467.125,70.07543424849891,-1.618094532737455,357,271,995.9721709802117,1003.9721709802117,8.0,14.731513429173672,2.188626914443157,570.6757418199855,1023125,-1.2224438285631185,-9.008573561491245,57.60748137521651,-80.61875961709313,99.08585324149237,0,0,1,0,0,4,4,1,1
306,2013,7,14,6,41467.25,70.08057448957457,-0.9710219310791666,358,271,994.9727015259012,1002.9727015259012,8.0,14.91918985608646,2.15927367928889,561.715830896444,991250,-0.9994694543104561,-7.365165693054344,8.171178310473135,0.19052290978100914,8.173399168075544,0,0,0,0,0,3,3,1,1
306,2013,7,14,9,41467.375,70.30801547268727,-0.9821171632241882,358,272,995.0931344431235,1003.0931344431235,8.0,14.491471985162399,2.2565359651571635,561.715830896444,991250,0.12043291722235154,0.8862114131693569,-0.13857440787643374,8.430094477727637,8.431233348089252,0,0,0,0,0,4,4,1,1
306,2013,7,14,12,41467.5,70.3028184515061,-1.6365770416167182,357,272,995.2443520568347,1001.2443520568347,6.0,13.968636603268614,1.7791492014364485,464.38663620900866,677500,0.15121761371119646,1.1127782112620996,-8.175938682997696,-0.19262746300360697,8.178207547356651,0,0,0,0,0,3,3,1,1
306,2013,7,14,15,41467.625,68.4645395524262,-2.6978056333163027,355,264,994.9265525481741,1002.9265525481741,8.0,15.258513237289462,2.1094886639054313,564.7182635796237,1001875,-0.31779950866068246,-2.367019913260064,-14.438579039851113,-68.13576244514303,69.648795313853,0,0,0,0,0,4,4,1,1
306,2013,7,14,18,41467.75,68.48602662700864,-0.8998597149044033,358,264,993.9946949434589,1001.9946949434589,8.0,15.747987423598893,3.2391996376344467,516.1255525548603,836875,-0.9318576047151873,-6.939593105018405,24.438195803346552,0.7964178939998376,24.45116961588112,0,0,0,0,0,4,4,1,1
306,2013,7,14,21,41467.875,68.48841533709613,0.2999751623039078,360,264,992.9759541486096,1000.9759541486096,8.0,16.629123927671603,4.562417616281382,469.2873879654238,691875,-1.018740794849291,-7.586492167851208,16.307095600193207,0.0885374809843502,16.307335950405257,0,0,0,0,0,3,3,1,1
306,2013,7,15,0,41468.0,68.48602662700864,0.8998597149044033,361,264,992.2705677331951,1002.2705677331951,10.0,16.957849868309,6.214545096820657,544.4502562297635,931250,-0.7053864154145413,-5.25305012269609,8.1540599586134,-0.0885374809843502,8.154540618220098,0,0,0,0,0,3,3,1,1
306,2013,7,15,3,41468.125,68.48124996183456,1.4995470379776346,362,264,991.3068842835924,1001.3068842835924,10.0,17.278071671113707,6.43785753626813,517.0882945826411,840000,-0.9636834496026858,-7.176837742247435,8.153103020902266,-0.17704697787890575,8.15502510736918,0,0,0,0,0,3,3,1,1
306,2013,7,15,6,41468.25,68.24604916415402,2.0771747651628134,363,263,991.6320685218597,1001.6320685218597,10.0,16.875792341057924,5.733825214040117,553.8692560610566,963750,0.32518423826724757,2.4256904649620368,7.934887114191519,-8.717711814943277,11.788169187934326,0,0,0,0,0,3,3,1,1
306,2013,7,15,9,41468.375,67.78041455022512,2.615754875421869,364,261,993.8072784503768,1001.8072784503768,8.0,14.800766409529395,5.355013165860946,541.7028025824511,921875,2.1752099285171425,16.279164883244572,7.548924747957865,-17.25873557966402,18.837468477985343,0,0,0,0,0,2,2,1,1
306,2013,7,15,12,41468.5,68.5290619994954,7.535063723328119,372,265,995.565798013088,1001.565798013088,6.0,12.507623598776352,2.0803790246360587,507.7706251929807,810000,1.7585195627112988,13.09191606014068,66.72184628090848,27.748599401415394,72.26195084464169,0,0,0,0,0,4,4,1,1
306,2013,7,15,15,41468.625,68.75514666577145,11.309932474020213,378,267,997.2199757516075,1000.9800721737847,3.7600964221771576,10.285080580805545,4.461236354066859,432.6730888463505,588125,1.6541777385195018,12.296118581581958,50.6909902237892,8.379822627341252,51.37896376080383,0,0,0,1,0,4,5,2,0
306,2013,7,15,18,41468.75,69.42512905132928,18.831453078055127,389,273,997.2788925461349,1001.2788925461349,4.0,9.01651012537294,5.515757115849047,413.63216004535656,537500,0.058916794527322056,0.43599821370494046,97.91204074527451,24.832880738416538,101.01207694465407,0,0,1,0,0,6,6,1,1
306,2013,7,15,21,41468.875,66.81559520411683,20.197339846582523,395,263,997.0754450352546,1001.0754450352546,4.0,11.092170881979534,6.006588461850479,354.02615395598616,393750,-0.20344751088035992,-1.533355620555809,19.930858427996885,-96.72230823909358,98.75446333596818,0,0,0,0,0,3,3,1,1
306,2013,7,16,0,41469.0,66.78223368609444,21.95640219984425,398,264,996.5053627283176,1000.5053627283176,4.0,11.544689042688153,4.369085369711684,311.90296402073676,305625,-0.5700823069369654,-4.297703594171885,25.70258460937141,-1.2365438497503203,25.732312299796366,0,0,0,0,0,5,5,1,1
306,2013,7,16,3,41469.125,66.60726832317899,22.981012649980627,400,264,995.2482354252239,1001.2482354252239,6.0,12.838080630867877,5.3837071835792445,395.9389080975964,492500,-1.2571273030935846,-9.48963391137599,15.077958721980018,-6.485086898240775,16.413445442668866,0,0,0,0,0,3,3,1,1
306,2013,7,16,6,41469.25,66.93607257826561,23.93405434688128,401,266,995.5487300735232,1001.5487300735232,6.0,12.430904246852936,5.901815539198942,433.8210693433022,591250,0.3004946482992091,2.2627536860019353,13.838505193267306,12.187121674924919,18.439906743351795,0,0,0,0,0,3,3,1,1
306,2013,7,16,9,41469.375,66.60726832317899,22.981012649980627,400,264,997.5169184563201,1001.5169184563201,4.0,10.867907137372832,5.341746162058043,409.7663541116445,527500,1.968188382796943,14.85719638369491,-14.024788747987486,-12.187121674924919,18.580113943275514,0,0,0,0,0,4,4,1,2
306,2013,7,16,12,41469.5,64.53465740538829,34.88795968908738,424,267,998.0624739877204,1002.0624739877204,4.0,11.124940902894968,8.81424173600346,444.9145541230864,621875,-0.26349125669410567,-2.0219637984380623,20.19415953657587,16.341567667529905,25.977892778690443,0,0,0,0,2,4,4,1,1
306,2013,7,16,15,41469.625,65.33113782379289,36.81747700217859,425,272,998.3061474342262,1002.3061474342262,4.0,10.602765277539362,4.208660717367093,438.6097781198323,604375,0.24367344650570885,1.8577681126758876,29.848333509811972,29.521527232775284,41.98146714287695,0,0,0,0,0,5,5,1,1
306,2013,7,16,18,41469.75,65.65227004005028,36.71059561097432,424,273,997.5283698731255,1003.5283698731255,6.0,12.057504093920524,5.466884325729625,519.2000432029043,846875,-0.7777775611006654,-5.91464900362865,-1.6332442477054658,11.902757743315073,12.014288521119754,0,0,0,0,0,4,4,1,1
306,2013,7,16,21,41469.875,66.15670669697604,36.9241036651617,423,275,997.4827348611154,1005.4827348611154,8.0,12.438538096115767,5.2802015729678535,668.7491234298748,1405000,-0.045635012010025094,-0.34567002437466177,3.198993313136114,18.696932354562634,18.968627722863367,0,0,0,0,0,3,3,1,1
306,2013,7,17,0,41470.0,66.6337659935072,32.38637254598126,415,272,997.6306495479282,1005.6306495479282,8.0,12.535002063394142,3.3488717544442625,669.1952040509709,1406875,0.14791468681272818,1.1163353271594583,-66.69098762452712,17.682191160961946,68.99527313220545,0,0,0,0,0,3,3,1,1
306,2013,7,17,3,41470.125,66.68020500945022,31.15379158817347,413,271,998.4948176828682,1006.4948176828682,8.0,11.735902543877572,7.001052367485318,734.3952024643546,1694375,0.8641681349399732,6.519731477258354,-18.08492832826967,1.7212609904096439,18.166655499451647,0,0,0,0,0,4,4,1,1
306,2013,7,17,6,41470.25,66.16971679811896,31.056769079446337,414,269,1000.1744309084434,1006.1744309084434,6.0,10.230264461226655,3.2537327383236696,708.1927805466074,1575625,1.6796132255751581,12.72123474706316,-1.4529428595396694,-18.92123307063042,18.976936103233463,0,0,0,1,0,4,4,1,2
306,2013,7,17,9,41470.375,66.12421052081524,32.26359979520217,416,270,1001.4223150034023,1007.1302854528731,5.70797044947074,9.15395382863129,3.8204473878145655,847.693675840458,2257500,1.2478840949590084,9.454678053737538,18.10488742403494,-1.6866890555509402,18.183285418402633,0,0,0,0,0,4,2,2,0
306,2013,7,17,12,41470.5,65.55890547020591,33.323262169046004,419,269,1002.5803223780516,1004.5803223780516,2.0,8.32533303509378,4.205074298710897,514.9678863063896,833125,1.1580073746493145,8.81263600588809,16.250696458145303,-20.953017878101004,26.516298640172174,0,0,1,0,0,4,4,1,2
306,2013,7,17,15,41470.625,64.58975676887466,35.59686762578731,425,268,1003.2141591809404,1005.2141591809404,2.0,7.565576467375928,2.653294570891958,603.3795922325436,1143750,0.6338368028888363,4.861675508391446,36.15852189584967,-35.92147291739901,50.96852874321634,0,0,0,0,0,5,5,1,1
306,2013,7,17,18,41470.75,64.58975676887466,35.59686762578731,425,268,,,,7.565576467375928,,0.0,0,0.0,,0.0,0.0,0.0,0,3,0,0,0,5,5,0,0
322,2013,7,17,9,41470.375,41.27874818258369,134.03875161397528,511,506,1001.8400874053518,1005.8400874053518,4.0,8.174449099611433,3.405780403531753,366.7232293060416,422500,,,,,,3,0,0,0,0,14,14,1,1
322,2013,7,17,12,41470.5,41.10663349546464,134.23354699898908,511,507,1002.9911744950068,1006.9911744950068,4.0,7.87405313540745,3.526177132125667,366.18033747720784,421250,1.1510870896550478,12.129916855034724,5.440241957409863,-6.379426669551411,8.384110995648047,0,0,0,0,0,16,16,1,1
322,2013,7,17,15,41470.625,40.392467152013666,136.51240848741318,507,515,1002.3785722429731,1008.3785722429731,6.0,9.221098930904677,5.715132885777057,439.74226071262797,607500,-0.6126022520338301,-6.549542272363457,64.32946907750878,-26.47055805734791,69.56271296938888,0,0,0,0,0,13,13,1,1
322,2013,7,17,18,41470.75,40.22143949734106,136.31907761550855,508,515,1001.5109769581095,1007.5109769581095,6.0,9.818313884975419,4.644309161565252,394.6807577665683,489375,-0.8675952848634916,-9.308459080734258,-5.471480490653197,-6.339135838503821,8.373872577165363,0,0,0,0,0,12,12,1,1
322,2013,7,17,21,41470.875,39.835874657333626,137.43267158249716,506,519,1001.6152669818804,1009.6152669818804,8.0,10.543464994317844,7.389762377923326,540.4158774255509,917500,0.10429002377088181,1.1279317195548275,31.694404621956796,-14.290951367115907,34.76732050816669,0,0,0,0,0,11,11,1,1
322,2013,7,18,0,41471.0,39.38169042097294,139.27065440960934,502,525,1003.5420318184521,1009.5420318184521,6.0,9.014300616672616,9.20168283353596,474.1374875680072,706250,1.926764836571674,21.03918767844472,52.655217818580326,-16.8343276150804,55.28079729683715,0,0,0,0,0,13,13,1,1
322,2013,7,18,3,41471.125,39.38169042097294,139.27065440960934,502,525,1003.1350379688861,1009.1350379688861,6.0,8.892317791981569,10.42584322945855,500.2710745306043,786250,-0.40699384956606083,-4.444143790909649,0.0,0.0,0.0,0,0,0,0,0,14,14,1,1
322,2013,7,18,6,41471.25,36.306273892916685,139.92409279233252,508,536,1002.1832315410487,1008.1832315410487,6.0,9.006133187779538,5.607938434667085,483.8974168395105,735625,-0.9518064278372913,-11.137126335855548,19.517715974639287,-113.990238412893,115.64910587762829,0,0,0,0,0,13,13,1,1
322,2013,7,18,9,41471.375,36.143355163511295,139.73455015755056,509,536,1002.3490564360347,1008.3490564360347,6.0,8.951766834721637,7.938111670539582,493.26272842343866,764375,0.16582489498599898,1.947870117113661,-5.673311853826795,-6.0385787217524,8.285583888270788,0,0,0,0,0,12,12,1,1
322,2013,7,18,12,41471.5,35.26556922011008,139.4913526423675,512,538,1003.7790353284113,1009.7790353284113,6.0,8.149331679232805,7.112284490759921,520.7304814323977,851875,1.42997889237653,17.15924713531762,-7.359880974003252,-32.535114528707446,33.357181016201075,0,0,0,0,0,10,10,1,1
322,2013,7,18,15,41471.625,35.26556922011008,139.4913526423675,512,538,,,,8.149331679232805,,0.0,0,0.0,,0.0,0.0,0.0,0,3,0,0,0,10,10,0,0
329,2013,7,17,12,41470.5,32.967297371344124,-169.2431873934554,314,599,1008.9876888028241,1010.9876888028241,2.0,7.745963225868865,3.3070917254689274,364.2738445220405,416875,,,,,,3,0,0,0,0,18,18,1,4
329,2013,7,17,15,41470.625,33.60927524879318,-171.298973839273,323,598,1007.9311444439726,1011.9311444439726,4.0,8.088665469286859,2.243538968996363,662.9227606686136,1380625,-1.0565443588515335,-13.224218983616256,-63.458791387367306,23.794894330125796,67.77326316865121,0,0,1,0,0,14,14,1,1
329,2013,7,17,18,41470.75,36.15646380705476,-169.66191289707146,318,587,1007.8429642129965,1011.8429642129965,4.0,10.507589992134944,7.7569981263887895,545.5453634500474,935000,-0.08818023097599507,-1.0354889913412315,48.99107038790228,94.41148162858529,106.36565630435932,0,0,0,0,0,13,13,1,1
329,2013,7,17,21,41470.875,37.32309739113718,-170.47533202821,322,583,1008.2196666125654,1012.2196666125654,4.0,11.042517663732053,6.576191715795794,564.1895835477562,1000000,0.3767023995688942,4.304522391546446,-23.975575373535502,43.24124526770762,49.44323519748813,0,0,0,0,0,12,12,1,2
329,2013,7,18,0,41471.0,38.508942825031255,-171.57776108496554,327,579,1009.155901747272,1011.155901747272,2.0,10.371755702554019,4.529153332400456,469.49930370797676,692500,0.9362351347065123,10.417674467658571,-31.974386081460224,43.95333201121211,54.35307498361174,0,0,0,0,0,14,14,1,2
329,2013,7,18,3,41471.125,39.14147913620359,-172.5348091438786,331,577,1008.518774892937,1010.518774892937,2.0,10.440379481261148,4.948828085564528,492.65737405943736,762500,-0.6371268543349288,-6.992842816259062,-27.512334638145933,23.44494290694278,36.146838107241564,0,0,0,0,0,15,15,1,1
329,2013,7,18,6,41471.25,39.50952673903297,-173.5436486980562,335,576,1008.6890174977926,1010.6890174977926,2.0,10.347873671241695,4.30103146263471,501.2642680326713,789375,0.17024260485559353,1.8539190389169746,-28.848953760758494,13.641675399439508,31.911713222483915,0,0,0,0,0,14,14,1,1
329,2013,7,18,9,41471.375,39.83587465733363,-174.3025692283412,338,575,1008.9202798482091,1012.9202798482091,4.0,10.909080059127966,5.017695009698655,673.6397638877671,1425625,0.23126235041650944,2.5011801814011516,-21.59998911768461,12.096077612015355,24.75630472182779,0,0,0,0,0,13,13,1,1
329,2013,7,18,12,41471.5,40.19259167312302,-175.6012946450045,343,574,1008.6980996277291,1012.6980996277291,4.0,10.542424333400128,4.674766631483508,694.0047885510937,1513125,-0.22218022048007696,-2.3851994055125467,-36.77071114171387,13.221707467855534,39.075551771317414,0,0,0,1,0,11,11,1,2
329,2013,7,18,15,41471.625,40.22836477422954,-176.13274221732664,345,574,1007.7692656547875,1011.7692656547875,4.0,10.532181892100162,4.581911028077957,666.0663659641269,1393750,-0.928833972941502,-9.964067034471114,-15.03900523869533,1.3259291177961983,15.097343030974866,0,0,0,0,0,11,11,1,2
329,2013,7,18,18,41471.75,40.521018950257535,-176.91678999008795,348,573,1008.4509026027919,1012.4509026027919,4.0,10.257664375776244,4.145130375419103,628.8879340417973,1242500,0.6816369480043067,7.268467525069118,-22.090940446342643,10.847219878551998,24.610400827648274,0,0,1,0,0,17,17,1,1
329,2013,7,18,21,41471.875,40.297655933237266,-177.46408190138223,350,574,1008.3384829675681,1012.3384829675681,4.0,10.217179306892358,4.454806483492721,569.8035485213009,1020000,-0.11241963522377774,-1.2042609216064684,-15.471514786925688,-8.278944764225153,17.547327323873322,0,0,0,0,0,19,19,1,1
329,2013,7,19,0,41472.0,40.31730114472757,-177.99746686817312,352,574,1007.5418849847182,1013.5418849847182,6.0,10.528532744755358,4.138335278567393,752.3262366623624,1778125,-0.7965979828499258,-8.529863556887175,-15.073992531916229,0.7281492835270577,15.091568912189587,0,0,0,0,0,17,17,1,1
329,2013,7,19,3,41472.125,40.573203699116384,-178.25617065509755,353,573,1006.8666533203562,1012.8666533203562,6.0,10.368309453906766,4.039515472918283,765.0439877683147,1838750,-0.6752316643619269,-7.192504920579901,-7.283453338203789,9.48502192113969,11.958860036570893,0,0,0,0,0,18,18,1,1
329,2013,7,19,6,41472.25,41.06805658543019,-178.2396908694207,353,571,1006.6015043305291,1010.6015043305291,4.0,10.781865649759713,3.3268060881588464,381.6107610236958,457500,-0.2651489898271393,-2.7962433280774013,0.4605175346654722,18.34171013117064,18.347490480597667,0,0,0,0,0,17,17,1,1
329,2013,7,19,9,41472.375,41.32213996408001,-178.50330116024105,354,570,1007.3682109805659,1011.3682109805659,4.0,10.71924041273819,3.451577010346009,381.3500088504252,456875,0.7667066500367946,8.044774348636,-7.337887978489674,9.41759421685595,11.938830797788446,0,0,0,0,0,18,18,1,1
329,2013,7,19,12,41472.5,41.56895947573966,-178.49616028587687,354,569,1007.1061755604964,1011.1061755604964,4.0,10.79010313900976,3.08917853870611,395.1844985686082,490625,-0.2620354200695874,-2.7360621214324383,0.1980196287980846,9.148359164480434,9.150502017688563,0,0,0,0,0,18,18,1,1
329,2013,7,19,15,41472.625,42.067784051197094,-178.75763566932574,355,567,1006.2743223019725,1010.2743223019725,4.0,11.012813664054413,3.436373796392145,452.2323538548359,642500,-0.8318532585239155,-8.601743691331086,-7.194566685738628,18.488920692164207,19.83940468251701,0,0,0,0,0,21,21,1,1
329,2013,7,19,18,41472.75,43.30674704562817,-179.57559458063852,358,562,1007.4794151071989,1013.4794151071989,6.0,10.76145591177356,2.6073080144209233,704.8137102281555,1560625,1.2050928052264498,12.172442885881235,-22.06180627433617,45.922133093695344,50.94669374906882,0,0,0,0,0,20,20,1,1
329,2013,7,19,21,41472.875,44.761748142046166,178.6881122174959,364,556,1008.2965800665969,1014.2965800665969,6.0,10.42256797374785,2.2585115559852422,727.3178411820289,1661875,0.8171649593980692,8.040050937746155,45.694294222234284,53.92958006131697,70.68499225477859,0,0,0,0,0,18,18,1,1
329,2013,7,20,0,41473.0,45.22604878851143,177.79174523054076,367,554,1007.934517813535,1013.934517813535,6.0,10.769611176171528,2.8381055503374957,684.0435166640879,1470000,-0.3620622530620312,-3.533557707392388,-23.39979988785806,17.20929210824215,29.04669292120202,0,0,0,0,0,15,15,1,1
329,2013,7,20,3,41473.125,45.20480651896317,177.20371373615458,369,554,1008.333496108416,1014.333496108416,6.0,9.914640160602891,2.7362383727712585,739.3897683364711,1717500,0.3989782948810898,3.8952740346254044,-15.356434031496756,-0.7873442013940547,15.376604861125244,0,0,0,0,0,17,17,1,1
329,2013,7,20,6,41473.25,45.178576868174495,176.61627116966898,371,554,1008.8514470532959,1014.8514470532959,6.0,9.214095587488407,3.0935473054232716,802.1121227415696,2021250,0.5179509448799945,5.059118675066821,-15.34812610643188,-0.9722013651196127,15.37888651604128,0,0,0,0,0,17,17,1,2
329,2013,7,20,9,41473.375,45.4062987456397,176.30385799301405,372,553,1009.9261953487472,1015.9261953487472,6.0,8.983133726903302,2.785343895081314,809.1499534352607,2056875,1.0747482954512817,10.456453891611925,-8.129730634367402,8.440505820034637,11.718987101512246,0,0,0,0,0,16,16,1,2
329,2013,7,20,12,41473.5,45.37245872880865,175.71452726342318,374,553,1010.0387846742753,1016.0387846742753,6.0,8.946245428141175,2.6320549979311183,810.7465170875098,2065000,0.11258932552809711,1.096043824014829,-15.344940784108289,-1.254279396392756,15.396117188174598,0,0,0,0,0,17,17,1,1
329,2013,7,20,15,41473.625,45.37245872880865,175.71452726342318,374,553,1010.3239491923727,1014.3239491923727,4.0,8.252432152631155,1.9111758465624735,691.2761507772532,1501250,0.28516451809729915,2.7760429989494066,0.0,0.0,0.0,0,0,0,0,0,18,18,1,1
329,2013,7,20,18,41473.75,45.353667350587386,175.42019440413205,375,553,1010.6376262432278,1014.6376262432278,4.0,8.554940957822213,1.5648510050759068,675.5566588495816,1433750,0.3136770508551854,3.0545981915180227,-7.66637148626334,-0.6965019742881797,7.69794561981175,0,0,0,0,0,20,20,1,1
329,2013,7,20,21,41473.875,45.8379508783823,175.3725701932793,375,551,1011.2115285339266,1015.2115285339266,4.0,8.634842270339387,1.3227269679687015,680.1059133405773,1453125,0.5739022906987521,5.542606108383248,-1.2297905111697103,17.949957116107992,17.992035603885377,0,0,0,0,0,18,18,1,1
329,2013,7,21,0,41474.0,47.00215179080645,174.63941656669707,377,546,1012.0879360103231,1016.0879360103231,4.0,8.11735451469357,1.3638146356517244,759.6944204000615,1813125,0.8764074763965618,8.302024670067263,-18.532028492784416,43.1510783521773,46.96223635021141,0,0,0,0,0,20,20,1,1
329,2013,7,21,3,41474.125,46.76142297913008,174.66784111834045,377,547,1012.0354654796599,1016.0354654796599,4.0,8.007457616599412,1.3347329079546761,783.7972188868215,1930000,-0.052470530663267706,-0.49900168550959356,0.7217251693283159,-8.922607518528682,8.951749111193106,0,0,0,0,0,20,20,1,1
329,2013,7,21,6,41474.25,47.194731734115976,173.9990332987335,379,545,1012.1576251201374,1014.1576251201374,2.0,7.774677317559044,1.33036132502275,337.04130404423773,356875,0.12215964047747548,1.1535838036619013,-16.844526101046444,16.060578408367093,23.27402497163183,0,0,0,0,0,17,17,1,1
329,2013,7,21,9,41474.375,47.62112079362961,173.31733905400583,381,543,1012.92447540797,1014.92447540797,2.0,7.535961688082079,1.4463513998614508,342.8931527591907,369375,0.7668502878326399,7.192184787671388,-17.03065126639778,15.804100064886866,23.233868843105174,0,0,0,0,0,17,17,1,1
329,2013,7,21,12,41474.5,47.62112079362961,173.31733905400583,381,543,,,,7.535961688082079,,0.0,0,0.0,,0.0,0.0,0.0,0,3,0,0,0,17,17,0,0
340,2013,7,18,6,41471.25,44.84115084794977,-33.568592557078404,251,196,1007.9790826957341,1007.9790826957341,0.0,7.9029174560204005,5.249437677252281,14.104739588693906,625,,,,,,3,0,0,0,0,1,1,1,1
340,2013,7,18,9,41471.375,45.036394698045065,-32.673570576215056,254,195,1008.1365945092193,1008.1365945092193,0.0,8.742721331428482,5.77629013726837,14.104739588693906,625,0.15751181348518004,1.542314907510051,23.44251315648121,7.236708529715943,24.534085950690276,0,0,0,0,0,0,0,1,1
340,2013,7,18,12,41471.5,45.21980024937422,-31.771396844107077,257,194,1008.017844087724,1010.017844087724,2.0,9.703525620379324,4.449286924525077,213.44344089255833,143125,-0.11875042149520595,-1.1590738143270223,23.55397299224313,6.797922275416442,24.515329713914145,0,0,0,0,0,1,1,1,1
340,2013,7,18,15,41471.625,46.63312607170805,-30.027124233213083,265,196,1008.0415310090225,1010.0415310090225,2.0,9.881886244882223,6.751502053334116,202.4410972262378,128750,0.023686921298358355,0.22574163908847664,44.39311243118283,52.38488704642344,68.66531018057212,0,0,0,0,0,1,1,1,1
340,2013,7,18,18,41471.75,46.66260773124255,-29.34948456038179,267,195,1007.3534444951422,1011.3534444951422,4.0,10.678823306619009,6.2417026326048655,315.07601583359167,311875,-0.6880865138802619,-6.554433084576995,17.237364942425923,1.0927369897666968,17.27196642791951,0,0,0,0,0,0,0,1,1
340,2013,7,18,21,41471.875,47.34124364403977,-28.425992243091013,271,196,1007.7101372426565,1011.7101372426565,4.0,10.815709659371658,5.185719863986305,301.19481662601754,285000,0.35669274751431657,3.360390551267059,23.194626936873597,25.153623513949597,34.21542772817929,0,0,0,0,0,2,2,1,1
340,2013,7,19,0,41472.0,49.19126382267927,-27.212027461547546,278,201,1008.2005235561334,1012.2005235561334,4.0,10.137128835633469,7.243558773243714,298.54106607209235,280000,0.4903863134769199,4.488725875483204,29.405913815018305,68.57095268492425,74.6102092170663,0,0,0,0,0,1,1,1,1
340,2013,7,19,3,41472.125,49.515265091789374,-26.347748377602464,281,201,1007.5501520288703,1013.5501520288703,6.0,10.36323661516436,7.846633900730594,424.7845533095999,566875,-0.6503715272630507,-5.92431069291741,20.798127798998763,12.009099117147244,24.01625660982477,0,0,0,0,0,1,1,1,1
340,2013,7,19,6,41472.25,48.757158822165316,-25.497551493337784,282,197,1007.0400745966773,1013.0400745966773,6.0,11.054887828832417,6.54128572699854,400.4355193599646,503750,-0.5100774321930658,-4.699848189827419,20.77458445209727,-28.099190346542127,34.94492605927973,0,0,0,1,0,1,1,1,2
340,2013,7,19,9,41472.375,49.714767350367346,-25.03655572149876,285,200,1007.2414868517856,1013.2414868517856,6.0,11.129316832200995,7.374056187002862,393.1656628928871,485625,0.20141225510829827,1.8292619284853615,11.048189223100557,35.49373668254261,37.173482871518864,0,0,1,0,0,0,0,1,1
340,2013,7,19,12,41472.5,52.394454979166845,-26.48730932585452,286,212,1006.7713179143805,1010.7713179143805,4.0,10.391814816650243,12.086062533058284,161.43612337794121,81875,-0.4701689374051057,-4.111714430152055,-32.812388136309366,99.32255643823082,104.60221332569097,0,0,0,3,0,1,1,1,1
340,2013,7,19,15,41472.625,53.02975115478996,-26.96018821958548,286,215,1006.1577918851038,1010.1577918851038,4.0,10.351032908649264,15.457792350205638,146.58075357087597,67500,-0.6135260292766906,-5.320288128314616,-10.540870138771393,23.547237215327044,25.79888221914518,0,0,0,0,0,2,2,1,1
340,2013,7,19,18,41472.75,53.66555573153525,-26.64540986143249,288,217,1005.0452725936875,1013.0452725936875,8.0,10.964292696269005,12.96004666115652,344.0515788724086,371875,-1.1125192914162472,-9.568055327747524,6.912812885690882,23.566081090488797,24.559054541168063,0,0,0,0,0,2,2,1,1
340,2013,7,19,21,41472.875,54.40446559706383,-26.81095430034869,289,220,1004.6153732474049,1012.6153732474049,8.0,11.321184994692219,12.770120323768353,260.46073503106066,213125,-0.42989934628261833,-3.6628472224612607,-3.5714589905560388,27.387676098130854,27.61956048486926,0,0,0,0,0,1,1,1,1
340,2013,7,20,0,41473.0,55.247604357177686,-26.648939520521605,291,223,1003.8563192360468,1011.8563192360468,8.0,11.958503753372371,10.016878017629205,250.73133533983872,197500,-0.7590540113580937,-6.400599525487046,3.4230781841588542,31.250917527347955,31.43783247229312,0,0,0,0,0,2,2,1,1
340,2013,7,20,3,41473.125,56.19240256586544,-26.995838394086615,292,227,1003.6770294907693,1011.6770294907693,8.0,11.627282583255349,7.283254637008504,282.79914940409105,251250,-0.17928974527749234,-1.4949329655000667,-7.15414597802385,35.01892250298193,35.742226258932575,0,0,0,0,0,3,3,1,1
340,2013,7,20,6,41473.25,57.232155979218184,-27.897271030947625,292,232,1003.8661995954466,1011.8661995954466,8.0,11.061234899509701,6.994568771422564,336.7460422231796,356250,0.18917010467717774,1.5586335132237468,-18.083429859695354,38.53843484206266,42.57019374593485,0,0,0,0,0,2,2,1,1
340,2013,7,20,9,41473.375,58.166810615516106,-28.300755766006375,293,236,1004.8581103392131,1010.8581103392131,6.0,10.272717385350028,4.699104194141401,269.1012803886529,227500,0.9919107437666389,8.08882052235899,-7.8880534514892044,34.6429512403813,35.52964196128335,0,0,0,0,0,2,2,1,1
340,2013,7,20,12,41473.5,59.20868340141234,-28.35790864432023,295,240,1005.4771891644082,1011.4771891644082,6.0,9.682357038974013,2.6883641174021613,288.0269329188686,260625,0.6190788251950289,4.9929182026686725,-1.0844204502899215,38.616989333564426,38.63221237389383,0,0,0,0,0,2,2,1,1
340,2013,7,20,15,41473.625,60.024002355754966,-29.180806052499854,295,244,1005.5855167906946,1011.5855167906946,6.0,9.397055757748467,3.2344507115448504,295.86351363515985,275000,0.10832762628633645,0.866411532863198,-15.239171031044716,30.219777106682383,33.84475235676865,0,0,0,0,0,2,2,1,1
340,2013,7,20,18,41473.75,60.744729605681194,-29.442313982469404,296,247,1006.2319541251368,1012.2319541251368,6.0,8.78754017340445,2.7863289771664856,313.8106451956502,309375,0.6464373344423074,5.1334102832504644,-4.736875420925925,26.713737895427005,27.130458549367443,0,0,0,0,0,4,4,1,1
340,2013,7,20,21,41473.875,61.46354555562582,-29.716698426852613,297,250,1006.6540642307197,1012.6540642307197,6.0,9.022702280202754,2.6124065926193727,320.7084064584796,323125,0.4221101055828331,3.328878977178235,-4.858411742012407,26.64289560834389,27.08224604887922,0,0,0,0,0,3,3,1,1
340,2013,7,21,0,41474.0,62.18043974797456,-30.004920870824012,298,253,1007.489167906379,1013.489167906379,6.0,8.483961453060015,2.4082152102668624,328.37093955580036,338750,0.8351036756593385,6.541865673373925,-4.985610535829482,26.571665710042804,27.03534225825962,0,0,0,0,0,3,3,1,1
340,2013,7,21,3,41474.125,62.69592490289951,-30.068582821862453,299,255,1007.7354017667111,1013.7354017667111,6.0,8.070585642734127,2.385038891230579,338.5137501286538,360000,0.24623386033214045,1.9198602005439582,-1.0823917192992738,19.106444662746213,19.13707917851078,0,0,0,0,0,4,4,1,1
340,2013,7,21,6,41474.25,63.52567570519628,-29.957199253946154,301,258,1007.9274961168381,1013.9274961168381,6.0,7.984055737794566,3.072195833928417,346.6438835958035,377500,0.1920943501270085,1.4867811561614277,1.840439995392521,30.75469319821756,30.809712317597675,0,0,0,0,0,3,3,1,1
340,2013,7,21,9,41474.375,63.52567570519628,-29.957199253946154,301,258,,,,7.984055737794566,,0.0,0,0.0,,0.0,0.0,0.0,0,3,0,0,0,3,3,0,0
348,2013,7,18,18,41471.75,64.67773749574714,23.93655154786964,405,257,1004.2453619753418,1004.2453619753418,0.0,7.605801266842458,2.909885104053901,14.104739588693906,625,,,,,,3,0,0,0,0,4,4,1,1
348,2013,7,18,21,41471.875,64.59792907821225,25.53998756471391,408,258,1003.1019881927903,1005.1019881927903,2.0,8.393170791198978,3.2065654399474437,470.3460118867115,695000,-1.1433737825514982,-8.76934838919136,25.493441380008996,-2.958097044470884,25.664486971698114,0,0,0,0,0,6,6,1,1
348,2013,7,19,0,41472.0,63.52567570519628,29.957199253946154,418,258,1001.8834516626134,1003.8834516626134,2.0,8.85119118050643,3.335701111056332,331.9861414142728,346250,-1.2185365301769344,-9.431288062160824,72.97306911471672,-39.74304505229686,83.09379306572858,0,0,0,0,0,5,5,1,1
348,2013,7,19,3,41472.125,63.84009520517748,29.775569981481024,417,259,1000.4294103648026,1004.4294103648026,4.0,10.41378526364018,3.868688477558826,433.36224206596097,590000,-1.4540412978107633,-11.223554732226019,-2.9680259533409146,11.653951078676018,12.025961658174332,0,0,0,0,0,4,4,1,1
348,2013,7,19,6,41472.25,62.49018744560754,32.57957005474342,425,257,999.8905337726115,1005.8905337726115,6.0,10.713970710694296,4.985821160741616,688.5366996282647,1489375,-0.5388765921910817,-4.20939557849417,48.00164181037063,-50.034298100766534,69.33677669842673,0,0,0,0,0,4,4,1,1
348,2013,7,19,9,41472.375,63.00336481084438,32.69198418257207,424,259,1000.3157691862632,1002.3157691862632,2.0,10.31584702670378,4.407044774841488,269.470671475909,228125,0.42523541365168055,3.3064058879593454,1.8913907604911455,19.02090649438632,19.114712733312498,0,0,0,0,0,3,3,1,1
348,2013,7,19,12,41472.5,62.93198413615106,32.03074654397129,423,258,1000.2511195251395,1006.2511195251395,6.0,10.76192520455926,6.050449337564933,672.9010425734546,1422500,-0.06464966112369439,-0.5030012444286517,-11.152609141641593,-2.645722962121071,11.46213508289456,0,0,2,0,0,4,4,1,2
348,2013,7,19,15,41472.625,62.68445775351564,32.834970129713064,425,258,1001.1520523536036,1006.910631090914,5.758578737310309,9.850140014092785,4.422578652543816,709.0350319212192,1579375,0.9009328284641378,7.025206998687797,13.678764053023711,-9.17455931991286,16.470613975589785,0,0,0,0,0,6,5,2,0
348,2013,7,19,18,41472.75,59.50824202650382,36.23093774685239,439,251,1000.5779174697979,1006.5779174697979,6.0,9.998643611774584,8.17925457783298,596.9155123189383,1119375,-0.5741348838058183,-4.616122989851132,63.862048927522245,-117.72635825745748,133.93228409082133,0,0,1,0,0,5,5,1,1
348,2013,7,19,21,41472.875,57.985894318645734,34.309761723500905,439,243,1000.5732112625623,1006.2194991307072,5.646287868144864,11.26719448992868,5.457040728666616,562.9540660051551,995625,-0.004706207235576585,-0.03845368914771852,-37.74826674209474,-56.42578056759757,67.88814590703599,0,0,0,1,0,3,5,2,0
348,2013,7,20,0,41473.0,58.617253811656546,35.58582549451752,440,247,999.0860613722957,1009.0860613722957,10.0,12.796479695681374,8.120119565701243,755.492828995292,1793125,-1.4871498902665916,-12.068858273204166,24.629805355142796,23.40132417056105,33.97424443262728,0,0,1,0,0,3,3,1,1
348,2013,7,20,3,41473.125,59.88207588103731,36.7405620201212,439,253,998.9592379055565,1008.9592379055565,10.0,12.79487900844646,5.537317040277558,747.1519008172454,1753750,-0.12682346673915162,-1.0157969373709146,21.476111387647016,46.880599074404415,51.56562740731145,0,0,0,0,0,4,4,1,1
348,2013,7,20,6,41473.25,61.69018755151236,36.549301106397955,434,259,999.8058886382876,1009.8058886382876,10.0,11.79809365268398,4.787261549694958,817.9532945239325,2101875,0.8466507327310683,6.6626465274803,-3.3619174623474426,67.01761485454789,67.10188663380602,0,0,0,0,0,3,3,1,1
348,2013,7,20,9,41473.375,62.150389353511684,36.078698345558344,432,260,1000.6839776357066,1008.6839776357066,8.0,11.020498226914798,5.728667586395386,725.2634603499022,1652500,0.8780889974189631,6.88050052084582,-8.148465209663122,17.05736853833606,18.903737903539266,0,0,0,0,0,3,3,1,1
348,2013,7,20,12,41473.5,62.608122692995614,35.592664127793086,430,261,1001.4476714904388,1007.4476714904388,6.0,10.132636677981054,6.701383493259564,632.8298551387899,1258125,0.7636938547322643,5.959164020298787,-8.28814134803981,16.96587503556172,18.882113301412623,0,0,0,0,0,4,4,1,1
348,2013,7,20,15,41473.625,62.87423470813307,34.815966803975904,428,261,1002.6589045415406,1006.6589045415406,4.0,8.86200509583841,6.141643470176422,542.6201661567752,925000,1.2112330511017353,9.428757997577547,-13.125792120204926,9.863435334148505,16.418702000272827,0,0,0,0,0,3,3,1,1
348,2013,7,20,18,41473.75,62.94354761721718,33.75645889778681,426,260,1003.7074780460948,1007.7074780460948,4.0,8.334359394717795,6.582048652882222,621.0891991646461,1211875,1.0485735045542242,8.1574966994095,-17.86275986395344,2.5690812803758476,18.046561128991957,0,0,0,0,0,5,5,1,1
348,2013,7,20,21,41473.875,63.07104720465579,33.35656850123832,425,260,1004.3588785107639,1006.3588785107639,2.0,8.018842917543296,5.808839794663727,194.4204181260938,118750,0.6514004646691319,5.061903075225323,-6.712622316730405,4.7257690908161445,8.209274746698414,0,0,0,0,0,4,4,1,1
348,2013,7,21,0,41474.0,63.32186924556988,32.545650701841446,423,260,1004.2931486106888,1006.2931486106888,2.0,8.47955672818249,5.48421023239156,188.70855443464026,111875,-0.0657299000750936,-0.5096455299180808,-13.494683198765609,9.296712813426772,16.387048049309563,0,0,0,0,0,4,4,1,1
348,2013,7,21,3,41474.125,63.445156675435406,32.13460215794979,422,260,1004.9415249904507,1006.9415249904507,2.0,8.228013170983731,4.8259529104277314,237.27844638474429,176875,0.6483763797619031,5.021854573084343,-6.811085026079225,4.569645573364487,8.201983900170147,0,0,0,0,0,5,5,1,1
348,2013,7,21,6,41474.25,63.6399682329324,32.39585271623817,422,261,1005.2318738783916,1007.2318738783916,2.0,7.861396894810663,4.0064486576410125,270.5758189903005,230000,0.29034888794092695,2.2450305406955926,4.299457220600852,7.220685615130088,8.403786833584213,0,0,0,0,0,4,4,1,1
348,2013,7,21,9,41474.375,63.6399682329324,32.39585271623817,422,261,,,,7.861396894810663,,0.0,0,0.0,,0.0,0.0,0.0,0,3,0,0,0,4,4,0,0
351,2013,7,18,21,41471.875,55.901558003110424,122.47119229084849,486,440,998.1923077147446,1000.1923077147446,2.0,8.769952264994402,9.693668459770414,136.02118266811544,58125,-0.22080670724753873,-1.8474083532093473,-4.783749150151168,24.067455393734562,24.538269398247607,2,0,0,2,0,16,16,1,1
351,2013,7,19,0,41472.0,56.54910717593332,122.23233685531714,484,438,998.9628223171945,1002.9628223171945,4.0,8.568449562717499,5.754390479512222,482.6624575733665,731875,0.770514602449839,6.398066663006486,-4.8800607545289,24.00139425692882,24.492486995902006,0,0,0,0,0,14,14,1,1
351,2013,7,19,3,41472.125,57.39307257341127,122.19573393471325,481,436,999.0396364179691,1005.0396364179691,6.0,8.374117414756046,6.7568075293643775,1097.1819360577003,3781875,0.07681410077449982,0.6317565954481072,-0.731081148706639,31.28155682103541,31.290098702203885,0,0,0,0,0,14,14,1,1
351,2013,7,19,6,41472.25,58.110280245682,122.5024672765595,478,435,998.8948395676478,1002.8948395676478,4.0,8.557832578975841,8.573086380569512,813.5635313750363,2079375,-0.14479685032129055,-1.1815117186379631,6.006112078476616,26.583284835686232,27.253337684666224,0,0,0,0,0,14,14,1,1
351,2013,7,19,9,41472.375,58.75402111119655,122.24788024979239,476,433,999.1725282237696,1001.1725282237696,2.0,8.540531364379763,8.399604434443027,198.97183743964612,124375,0.27768865612189986,2.2502922063130466,-4.894711219554542,23.860239439665133,24.35711854963523,0,0,0,0,0,15,15,1,1
351,2013,7,19,12,41472.5,59.075242859523264,122.11672348673146,475,432,1000.6532032412713,1002.6532032412713,2.0,7.629321749136812,6.352562513263474,676.2924794128161,1436875,1.480675017501635,11.958386678505779,-2.498291267914552,11.906076247275452,12.165365217093765,0,0,0,0,0,15,15,1,1
351,2013,7,19,15,41472.625,59.272163490062404,122.34149069120235,474,432,1000.7808341249811,1002.7808341249811,2.0,8.216431834343805,3.6881755327637067,318.5298670785572,318750,0.12763088370978948,1.0286743297145808,4.256806171154573,7.29885835586649,8.449481172106472,0,0,0,0,0,17,17,1,1
351,2013,7,19,18,41472.75,59.838392858952155,121.48058588587061,473,429,1000.5933688739547,1002.5933688739547,2.0,8.672642585717862,1.8512029690237253,272.0423653362309,232500,-0.18746525102644226,-1.502174212052031,-16.032476309872685,20.987277712563685,26.41034120209168,0,0,0,0,0,17,17,1,1
351,2013,7,19,21,41472.875,60.596090984221014,120.81238098068242,471,426,1000.2673875864399,1002.2673875864399,2.0,9.503890840942248,2.1394284530853476,251.12774876576967,198125,-0.3259812875147327,-2.5924192327007627,-12.159632306334956,28.084062485996625,30.603451170458335,0,0,0,0,0,14,14,1,1
351,2013,7,20,0,41473.0,60.876027553579135,118.05938476834453,473,420,1000.5843615291933,1002.5843615291933,2.0,8.664613748713968,3.4186560954980814,261.22343281308076,214375,0.3169739427533932,2.5138949949847085,-49.65918845895835,10.37584209830207,50.73157889964829,0,0,0,0,0,11,11,1,1
351,2013,7,20,3,41473.125,61.08033480315965,118.27037624631191,472,420,1000.386291113953,1002.386291113953,2.0,8.217389895055401,3.7450590910550816,294.1776679257249,271875,-0.1980704152402177,-1.5677759423180384,3.781806641523988,7.572643210018889,8.464454303741034,0,0,0,0,0,10,10,1,1
351,2013,7,20,6,41473.25,61.19117088270562,121.5042667192042,468,426,1000.1935247916293,1002.1935247916293,2.0,8.544883654588716,5.427808965541626,295.86351363515985,275000,-0.1927663223237323,-1.524166656100104,57.7552551576558,4.1081365782281605,57.90117688330094,0,0,0,0,0,10,10,1,1
351,2013,7,20,9,41473.375,62.013658921339974,126.4530399926558,459,433,1000.5069419542974,1002.5069419542974,2.0,8.802547979848041,6.3642834750830675,296.19953136257203,275625,0.31341716266804726,2.458971147286776,86.0538888403445,30.48549904065798,91.29423550424379,0,0,0,0,0,12,12,1,1
351,2013,7,20,12,41473.5,61.963241809265156,125.80641775138693,460,432,1001.8174608452609,1001.8174608452609,0.0,7.953174791375051,4.135130444271854,14.104739588693906,625,1.3105188909635763,10.286727567159978,-11.265369966195092,-1.8687090262635757,11.419309694552004,0,0,0,0,0,12,12,1,1
351,2013,7,20,15,41473.625,62.097872392647176,125.42967456548877,460,431,1002.0257952026302,1004.0257952026302,2.0,8.010182812084146,3.301171850564133,391.13640721247674,480625,0.20833435736931277,1.6332510553826034,-6.534610216077436,4.990079281093309,8.222044873853482,0,0,0,0,0,11,11,1,1
351,2013,7,20,18,41473.75,63.257499251910026,127.79003815438416,453,432,1002.6608427119671,1002.6608427119671,0.0,8.05395561858243,2.1685230623715324,14.104739588693906,625,0.6350475093368732,4.92670967666787,39.3652348327559,42.981541183597166,58.28408527166981,0,0,0,0,0,13,13,1,1
351,2013,7,20,21,41473.875,63.580794419322764,127.70305384602486,452,431,1002.7434369952757,1002.7434369952757,0.0,8.369584030757116,2.9685556922270915,14.104739588693906,625,0.08259428330857191,0.6389614048343294,-1.434503317689487,11.982927474999935,12.068485847013719,0,0,0,0,0,12,12,1,1
351,2013,7,21,0,41474.0,63.33163476425762,129.1527445587268,451,434,1003.5548259462037,1003.5548259462037,0.0,7.5145101270339145,2.819505858480261,14.104739588693906,625,0.8113889509279397,6.290673590709926,24.116124299666758,-9.235096522583895,25.82391254280456,0,0,0,0,0,13,13,1,1
351,2013,7,21,3,41474.125,63.33163476425762,129.1527445587268,451,434,,,,7.5145101270339145,,0.0,0,0.0,,0.0,0.0,0.0,0,3,0,0,0,13,13,0,0
355,2013,7,18,21,41471.875,49.21952999133166,-53.67698538157421,216,254,1005.212063083645,1005.212063083645,0.0,8.587468022336576,2.6920474954466043,14.104739588693906,625,,,,,,3,0,0,0,0,5,5,1,1
355,2013,7,19,0,41472.0,47.631563349855405,-52.47868950814826,213,247,1006.2949977253111,1006.2949977253111,0.0,7.727195920212807,2.7922008521559474,14.104739588693906,625,1.0829346416660701,10.155008436830022,29.93064015604173,-58.85794473765275,66.03105995583475,0,0,0,0,0,2,2,1,1
355,2013,7,19,3,41472.125,47.635479839848195,-50.49232455712744,217,242,1005.8815322027908,1005.8815322027908,0.0,8.147167405223854,3.2028673184257053,14.104739588693906,625,-0.41346552252027324,-3.8769506021997016,49.61018912602007,0.14516460581741664,49.61040150898057,0,0,0,0,0,2,2,1,1
355,2013,7,19,6,41472.25,47.745259600257754,-48.74093755015263,221,238,1004.8182650998358,1004.8182650998358,0.0,8.757718888053608,5.994151799402534,14.104739588693906,625,-1.0632671029549965,-9.952585566316689,43.649814060228465,4.068984135265894,43.83905678029084,0,0,0,0,0,3,3,1,1
355,2013,7,19,9,41472.375,47.97733377344169,-47.21109397717108,225,235,1004.6879483265495,1006.6879483265495,2.0,9.10783259998162,5.745974402313222,135.28790949515025,57500,-0.13031677328632213,-1.2153524362516235,37.958168967930504,8.60182355442841,38.92061099031568,0,0,0,0,0,1,1,1,1
355,2013,7,19,12,41472.5,47.83953888600225,-45.22036729612317,229,230,1005.9538309883151,1005.9538309883151,0.0,8.318303090383148,5.533987552014005,14.104739588693906,625,1.2658826617654995,11.83147361062822,49.52463227786099,-5.1073641336080975,49.78729125641018,0,0,0,0,0,2,2,1,1
355,2013,7,19,15,41472.625,48.16426511247518,-43.4458446270658,234,227,1005.0884743352326,1005.0884743352326,0.0,9.252366625248754,5.6195000427383635,14.104739588693906,625,-0.8653566530824173,-8.046822537151575,43.869198674309494,12.03596964407379,45.49034136604279,0,0,0,0,0,3,3,1,1
355,2013,7,19,18,41472.75,48.625254397971474,-41.85750422292723,239,225,1003.7563453090218,1005.7563453090218,2.0,10.293101360950368,8.105823188052527,128.50029317392293,51875,-1.332129026210896,-12.29908057323017,38.912448587257444,17.08655659489609,42.49857728591089,0,0,0,0,0,3,3,1,1
355,2013,7,19,21,41472.875,49.20606791890986,-39.99086042679268,245,223,1002.7403434185885,1006.7403434185885,4.0,11.505883921051867,8.908058754264275,196.9619693713725,121875,-1.0160018904332537,-9.297846993119787,45.201588249701864,21.527838951637257,50.066270384593416,0,0,0,0,0,2,2,1,1
355,2013,7,20,0,41473.0,49.96563256409018,-38.736509385665464,250,223,1001.1123750164036,1007.1123750164036,6.0,13.073330829167645,7.067589752967615,237.27844638474429,176875,-1.6279684021849243,-14.730969915575024,29.905804397905804,28.153245000875444,41.07264711173508,0,0,0,0,0,1,1,1,1
355,2013,7,20,3,41473.125,50.97257589270353,-38.58121326976122,253,226,999.9723527307194,1005.9723527307194,6.0,13.407062860109537,12.91585709061641,227.4320920733615,162500,-1.1400222856840991,-10.167162819921318,3.624537599056349,37.32232985346311,37.49791432196832,0,0,0,0,0,2,2,1,1
355,2013,7,20,6,41473.25,50.46576243186587,-36.7704834376051,256,221,999.590626309721,1007.590626309721,8.0,13.59370540695522,7.477312139806819,305.13217088461647,292500,-0.3817264209984569,-3.4291054667218055,42.72005234019901,-18.785028533439768,46.66776370206193,0,0,0,0,0,1,1,1,1
355,2013,7,20,9,41473.375,50.55700554450503,-36.03958215958601,258,220,1000.1522780190448,1008.1522780190448,8.0,13.294086393195988,8.5042189557034,316.6506184233564,315000,0.5616517093239236,5.038784882620374,17.211015829925675,3.381923738911032,17.540138941119086,0,0,0,0,0,1,1,1,1
355,2013,7,20,12,41473.5,50.778929983004296,-35.033053215783056,261,219,1001.0743240488634,1009.0743240488634,8.0,12.706235006608992,8.14633398525213,334.67191576366446,351875,0.9220460298185935,8.245802535792548,23.589546722927988,8.225623886520118,24.982545965447414,0,0,0,0,0,1,1,1,1
355,2013,7,20,15,41473.625,50.71918568967736,-34.56862643581435,262,218,1001.1625132203787,1009.1625132203787,8.0,12.399930228523216,6.711916058797652,346.3568078665642,376875,0.08818917151525967,0.7893427067014595,10.898518570166898,-2.214420771306594,11.12121245083767,0,0,0,0,0,0,0,1,1
355,2013,7,20,18,41473.75,50.45885717257917,-33.91980077564492,263,216,1001.9401778103988,1009.9401778103988,8.0,11.652923471135827,5.243111885475591,383.4310611845868,461875,0.7776645900201402,6.986572191565614,15.310131363448614,-9.64907012073996,18.097090278854488,0,0,0,0,0,2,2,1,1
355,2013,7,20,21,41473.875,50.050454711504834,-32.370541046974616,266,212,1003.4734505552237,1011.4734505552237,8.0,10.93999707658104,4.546501046440898,472.66663872675434,701875,1.5332727448247896,13.856879789464976,36.87155798383463,-15.137427233539357,39.857916295335585,0,0,0,0,0,1,1,1,1
355,2013,7,21,0,41474.0,49.89733512854803,-31.468305148835853,268,210,1004.3553516799016,1010.3553516799016,6.0,10.55273852154129,3.4046845342590677,383.949561842266,463125,0.8819011246778246,7.988048878686743,21.54142422120339,-5.675373598242346,22.276508320593564,0,0,0,0,0,1,1,1,1
355,2013,7,21,3,41474.125,49.52745636313437,-30.408043798034587,270,207,1003.819234238105,1009.819234238105,6.0,10.670439491374125,4.200177444525398,434.737271143878,593750,-0.5361174417965231,-4.8826700621359596,25.507840237518355,-13.709547395850443,28.958618809981772,0,0,0,0,0,1,1,1,1
355,2013,7,21,6,41474.25,49.46923626187035,-29.243179763241805,273,205,1004.1172903342108,1010.1172903342108,6.0,10.1774113022308,2.888021878252912,468.8632691368353,690625,0.2980560961058654,2.7168920271715074,28.05769086706989,-2.1579266297640696,28.140551951436596,0,0,0,0,0,1,1,1,1
355,2013,7,21,9,41474.375,50.69003561436029,-26.043517523482087,284,205,1004.4334035036792,1010.4334035036792,6.0,11.297719578806728,5.260193682492027,485.3342309955121,740000,0.31611316946829904,2.830568999381565,75.12617381467425,45.24889814928119,87.70065436333225,0,0,0,0,0,0,0,1,1
355,2013,7,21,12,41474.5,50.999107518918564,-25.138583446300373,287,205,1004.1369690101197,1010.1369690101197,6.0,11.675465891063824,6.898835345266634,478.7307364817192,720000,-0.2964344935593545,-2.6427266227387913,21.108534964051213,11.45574258508395,24.016750123700717,0,0,0,1,0,1,1,1,2
355,2013,7,21,15,41474.625,51.31585480682757,-24.976011730123034,288,206,1004.1976009661041,1010.1976009661041,6.0,11.294055328349645,7.329975230844066,483.8974168395105,735625,0.06063195598428137,0.5381356482553437,3.766232881010347,11.740230481301607,12.329538591045768,0,0,0,0,0,1,1,1,2
355,2013,7,21,18,41474.75,51.31585480682757,-24.976011730123034,288,206,1004.007549471884,1010.007549471884,6.0,10.693826155690509,4.62901653320223,505.2175174948184,801875,-0.1900514942200971,-1.6867917648993989,0.0,0.0,0.0,0,0,1,0,0,1,1,1,1
355,2013,7,21,21,41474.875,51.63194894806183,-24.810868549763182,289,207,1004.6408228311604,1010.6408228311604,6.0,9.844081558310885,3.7869349445569975,550.0848439590624,950625,0.6332733592764999,5.595949482739911,3.7993866384820008,11.716021615772794,12.316675741852219,0,0,0,0,0,1,1,1,1
355,2013,7,22,0,41475.0,50.83457393662471,-23.19859051364819,292,202,1005.0118516920397,1011.0118516920397,6.0,9.566125803941286,1.6638296848943717,581.7243314054713,1063125,0.3710288608793053,3.315462450141285,37.740767970754774,-29.55468530165177,47.935842438638964,0,0,0,0,0,0,0,1,1
355,2013,7,22,3,41475.125,51.02006414649672,-22.58110794413455,294,202,1004.6253963299782,1010.6253963299782,6.0,9.153578340510544,2.2014041099070893,600.0733778009262,1131250,-0.38645536206153336,-3.4442466996445034,14.396969333637363,6.875190093334212,15.95433999929723,0,0,0,0,0,1,1,1,1
355,2013,7,22,6,41475.25,51.33132687309638,-22.398546291529307,295,203,1004.7144342550355,1008.7144342550355,4.0,8.479266065985643,2.266964975012452,461.37808398905344,668750,0.08903792505720048,0.7900804898706046,4.227904873743275,11.536945350477936,12.28724084737239,0,0,0,0,0,0,0,1,1
355,2013,7,22,9,41475.375,51.641861970797294,-22.213146530083602,296,204,1004.9909846284191,1008.9909846284191,4.0,8.057144720904297,2.0508401946145023,487.37947491113516,746250,0.2765503733836522,2.4434155872355876,4.264489663063868,11.509975803137921,12.274584110070656,0,0,0,0,0,1,1,1,1
355,2013,7,22,12,41475.5,51.641861970797294,-22.213146530083602,296,204,,,,8.057144720904297,,0.0,0,0.0,,0.0,0.0,0.0,0,3,0,0,0,1,1,0,0
357,2013,7,19,0,41472.0,66.09175574692186,-16.725134778780482,329,258,1009.7349751281026,1009.7349751281026,0.0,7.539308117431913,3.442610184720179,14.104739588693906,625,,,,,,3,0,0,0,0,4,4,1,1
357,2013,7,19,3,41472.125,66.4401001714765,-15.832386620422207,331,259,1009.550482118834,1009.550482118834,0.0,8.113532852422473,4.372115847695023,14.104739588693906,625,-0.18449300926862633,-1.3944419792241627,13.226087309372156,12.911377578464911,18.48331833001914,0,0,0,0,0,3,3,1,1
357,2013,7,19,6,41472.25,66.78223368609444,-14.913495445999773,333,260,1009.4680295760849,1009.4680295760849,0.0,8.596271689107336,1.9485573210587608,14.104739588693906,625,-0.08245254274923354,-0.6215884706647695,13.426725763007331,12.681170353528834,18.468596217639917,0,0,0,0,0,5,5,1,1
357,2013,7,19,9,41472.375,67.3943839591767,-13.551284726946362,336,262,1009.8848162569564,1009.8848162569564,0.0,8.935273373342776,2.369254646924892,14.104739588693906,625,0.41678668087159165,3.1278907127818814,19.407368112283496,22.68933490360912,29.857191016802187,0,0,0,0,0,4,4,1,1
357,2013,7,19,12,41472.5,67.85931346045115,-10.852490860253415,341,263,1009.9854896598181,1009.9854896598181,0.0,9.554792510707479,3.511517733448491,14.104739588693906,625,0.10067340286172112,0.7530119673010367,37.69680186941121,17.232600596368236,41.44890100467798,0,0,0,0,0,6,6,1,1
357,2013,7,19,15,41472.625,68.4645395524262,-8.723380641682983,345,265,1009.8029300245647,1011.8029300245647,2.0,9.665892518929931,3.5984872222849664,353.46376098143054,392500,-0.1825596352534194,-1.3597324106114925,28.96659231156313,22.43269030017973,36.63726332913098,0,0,2,0,0,8,8,1,2
357,2013,7,19,18,41472.75,68.81081416151133,-6.407440282533176,349,266,1009.315628770381,1011.315628770381,2.0,9.734988162075723,4.279430987387095,246.32868702971868,190625,-0.48730125418369424,-3.6209255158026084,31.025009670861593,12.834659918697636,33.574986527259824,0,0,0,0,0,8,8,1,2
357,2013,7,19,21,41472.875,69.36291408620782,-3.4398696937460245,354,268,1009.0380201633243,1011.0380201633243,2.0,9.147050008379441,4.54444733014956,181.17866047827877,103125,-0.2776086070567544,-2.055208268967485,38.762934249433364,20.463570209031243,43.83289606363975,0,0,0,2,0,7,7,1,1
357,2013,7,20,0,41473.0,69.62543397530646,-0.9495668564358234,358,269,1008.2355705782477,1010.2355705782477,2.0,9.192320874258165,4.475584349235578,183.3616146530208,105625,-0.802449585076538,-5.930570265901923,32.13362028838135,9.73029327035356,33.5745165261536,0,0,0,0,0,5,5,1,1
357,2013,7,20,3,41473.125,69.85559049954524,0.32008482378166875,360,270,1007.5096544910134,1011.5096544910134,4.0,9.086321063167603,4.716610337947714,363.7272968105886,415625,-0.7259160872343636,-5.356994371445813,16.206447506514504,8.530745943166092,18.314545234000622,0,0,0,0,0,5,5,1,1
357,2013,7,20,6,41473.25,70.0677262639321,2.2647545482234266,363,271,1006.3205146403307,1008.3205146403307,2.0,9.36053252061561,5.230715141982728,184.98192550829796,107500,-1.1891398506826953,-8.763573488978375,24.57139412880088,7.862806919894789,25.79878179473627,0,0,0,0,0,4,4,1,1
357,2013,7,20,9,41473.375,70.25610419454675,4.248454529361296,366,272,1006.1184596271257,1008.1184596271257,2.0,9.298010295244627,5.577581069186781,204.39709528665645,131250,-0.20205501320495386,-1.4873144188996648,24.837122433409125,6.982223392049817,25.799885547588044,0,0,0,0,0,4,4,1,1
357,2013,7,20,12,41473.5,70.21725630846828,5.548466293718066,368,272,1005.38511969879,1007.38511969879,2.0,9.604504979671889,8.447798422892156,184.44340347622256,106875,-0.7333399283356266,-5.399384925710354,16.30808942004115,-1.4398959475972022,16.371532636621563,0,0,0,0,0,5,5,1,1
357,2013,7,20,15,41473.625,69.85050513443737,8.673174047879765,373,271,1005.3994460033417,1005.3994460033417,0.0,8.996213909359385,7.6390499298728525,14.104739588693906,625,0.014326304551650538,0.10572631367885568,39.891291923278494,-13.593623297724351,42.143822390341604,0,0,0,0,0,4,4,1,1
357,2013,7,20,18,41473.75,70.35484789360179,16.98210645354542,385,276,1005.6718337772596,1005.6718337772596,0.0,7.625640772892698,5.024635002620853,14.104739588693906,625,0.2723877739178715,2.0037930229587357,103.45727649873746,18.693452036333603,105.13255066615153,0,0,0,0,0,6,6,1,1
357,2013,7,20,21,41473.875,70.35484789360179,16.98210645354542,385,276,,,,7.625640772892698,,0.0,0,0.0,,0.0,0.0,0.0,0,3,0,0,0,6,6,0,0
379,2013,7,20,3,41473.125,65.10948018454374,152.15675609072275,411,457,1006.377623793231,1008.377623793231,2.0,7.7376999893434775,3.80601143101776,205.36810833075387,132500,,,,,,3,0,0,0,0,14,14,1,1
379,2013,7,20,6,41473.25,65.00141245994234,151.69924423399362,412,457,1005.5104674035849,1007.5104674035849,2.0,7.987002279172609,8.206766804815125,175.60259173501603,96875,-0.8671563896461157,-6.62883705256008,-7.16622472092984,-4.005527569899243,8.209691094315845,0,0,0,0,0,13,13,1,1
379,2013,7,20,9,41473.375,65.00141245994234,151.69924423399362,412,457,1005.5105422887813,1005.5105422887813,0.0,7.947109475169899,5.235486491499396,14.104739588693906,625,7.48851963726338e-05,0.0005724477964185133,0.0,0.0,0.0,0,0,0,0,0,14,14,1,1
379,2013,7,20,12,41473.5,65.10948018454374,152.15675609072275,411,457,1004.5786255411831,1006.5786255411831,2.0,9.445127957848042,7.763461222343612,175.0352151573787,96250,-0.9319167475981521,-7.117640113337041,7.137223900393823,4.005527569899243,8.184388561009047,0,0,0,0,0,15,15,1,1
379,2013,7,20,15,41473.625,65.62252688385695,152.1303015268436,410,455,1003.7067678149874,1005.7067678149874,2.0,10.317183959731212,6.057442273629494,203.42144725641097,130000,-0.8718577261957399,-6.631645139570167,-0.40471337590696255,19.01606336512156,19.020369576402988,0,0,0,0,0,13,13,1,1
379,2013,7,20,18,41473.75,65.93224579948794,152.35402463626133,409,454,1002.8938738444049,1004.8938738444049,2.0,11.069718061115168,3.928619773955215,222.12166116452389,155000,-0.8128939705825178,-6.168128000897252,3.381732839136336,11.479724034673502,11.967463428293966,0,0,0,0,0,16,16,1,1
379,2013,7,20,21,41473.875,66.34600975928929,153.06845629784107,407,453,1002.2358247297142,1004.2358247297142,2.0,11.606408563956077,4.311223273279393,220.774095676764,153125,-0.658049114690657,-4.977262345131631,10.624202585064138,15.336151052757241,18.6566666283522,0,0,0,0,0,15,15,1,1
379,2013,7,21,0,41474.0,66.64923601883088,154.5485494323551,404,453,1000.8801928744957,1004.8801928744957,4.0,13.073940434091641,5.24964170315754,320.08747962925327,321875,-1.3556318552185258,-10.229973136093882,21.743597767583452,11.239073895477272,24.476536231796747,0,0,0,0,0,18,18,1,1
379,2013,7,21,3,41474.125,66.90701470108989,157.31558857587078,399,454,1000.2176571842848,1006.2176571842848,6.0,13.525576688797138,7.062372516210308,410.49396584912694,529375,-0.6625356902109343,-4.990035856990838,40.223330327344925,9.554560554774179,41.34254382615507,0,0,0,0,0,18,18,1,1
379,2013,7,21,6,41474.25,67.62110495088575,162.11244642795575,390,454,1000.0968346101886,1006.0968346101886,6.0,13.291286549995597,8.320223621083278,410.49396584912694,529375,-0.12082257409623708,-0.9052619394219633,67.67510888098987,26.467737647881382,72.66678400927697,0,0,0,0,0,13,13,1,1
379,2013,7,21,9,41474.375,67.4035027587196,162.2879879455155,390,455,1000.2620079967996,1006.2620079967996,6.0,13.319424243811996,8.14860865311115,387.302896792822,471250,0.1651733866111317,1.2395071576409016,2.500027186594494,-8.065419931869886,8.443999917759095,0,0,0,0,0,13,13,1,1
379,2013,7,21,12,41474.5,68.20354401841469,170.78107386189257,375,455,1001.855956963572,1007.855956963572,6.0,12.728212811670343,13.196934776140843,431.7525067632873,585625,1.5939489667722955,11.893481707710073,116.79477192773017,29.6535097281385,120.50041240115036,0,0,0,0,0,17,17,1,1
379,2013,7,21,15,41474.625,68.94937581212028,171.69653726863694,373,452,1002.6703200426264,1006.4968247952671,3.826504752640758,11.633741795804625,8.941757633063899,324.1022407214287,330000,0.8143630790544557,6.045530957244023,12.187879853855918,27.64423719675783,30.211723974686322,0,0,0,0,0,18,19,2,0
379,2013,7,21,18,41474.75,69.39275492229889,178.43493091440774,362,451,1003.3263978140786,1007.3263978140786,4.0,12.073450753718124,7.897006383425325,361.25759969217836,410000,0.6560777714522555,4.856161442207357,87.86058185581278,16.43383587734686,89.38429842922946,0,0,0,0,0,21,21,1,2
379,2013,7,21,21,41474.875,69.39275492229889,-178.43493091440774,357,451,1004.3943044627449,1006.3943044627449,2.0,11.642120270116733,2.949296344243994,234.74965185398838,173125,1.0679066486662487,7.904439560039733,-40.829421708421776,0.0,40.829421708421776,0,0,0,0,0,18,18,1,2
379,2013,7,22,0,41475.0,69.80225517544037,-175.8461469130488,353,449,1005.0048488755361,1007.0048488755361,2.0,10.859761476882221,3.9545133028450072,258.54414729132054,210000,0.6105444127912051,4.5071347544090115,33.12644600908496,15.178116869664349,36.43812092989991,0,0,0,0,0,18,18,1,2
379,2013,7,22,3,41475.125,70.19398258090041,-173.80358657089567,350,447,1005.9989243471491,1007.9989243471491,2.0,9.661984294658227,3.639228044464908,304.80600064613867,291875,0.9940754716130322,7.3201808115999185,25.651262319162793,14.519366704931102,29.47540106730972,0,0,0,0,0,14,14,1,2
379,2013,7,22,6,41475.25,70.3340203011039,-171.7771861094251,347,446,1006.5186824269075,1006.5186824269075,0.0,9.08218651850004,3.6211748357059697,14.104739588693906,625,0.5197580797583214,3.82404405225609,25.275554372128862,5.19049467516655,25.803001449276685,0,0,0,3,0,13,13,1,1
379,2013,7,22,9,41475.375,73.18764486256418,-165.68517308959514,341,432,,,,8.866432437754236,,0.0,0,0.2089737689771573,,65.28189230420448,105.76952459422907,124.29367560623099,0,3,3,0,0,14,14,0,0
397,2013,7,21,3,41474.125,37.18239408548823,-150.89640422452322,249,558,1017.4991013521477,1019.4991013521477,2.0,7.7214635821421425,1.3726650538623653,359.0480523612894,405000,,,,,,3,0,0,0,0,21,21,1,1
397,2013,7,21,6,41474.25,37.401871215117346,-150.77326317562603,249,557,1016.4722929009688,1018.4722929009688,2.0,8.958060452106416,3.596788984020532,292.482105284911,268750,-1.0268084511789493,-11.71207891514225,3.6257922764150754,8.13491444308925,8.906357427595935,0,0,0,0,0,18,18,1,1
397,2013,7,21,9,41474.375,37.524076243424076,-150.99468258082024,250,557,1016.4607857414894,1020.4607857414894,4.0,9.27670753951684,3.2293821999721697,510.700658891139,819375,-0.011507159479369875,-0.1308892244949308,-6.508873902841617,4.529526386054337,7.929820222744972,0,0,0,0,0,18,18,1,1
397,2013,7,21,12,41474.5,35.975317959821226,-151.83307354859855,250,564,1015.1292008264036,1017.1292008264036,2.0,8.50796562494458,2.167004312186109,309.01936161855167,300000,-1.3315849150858412,-15.7046556890493,-25.14794380435703,-57.4046879117904,62.67150286882511,0,0,0,0,0,21,21,1,1
397,2013,7,21,15,41474.625,36.19798872729032,-151.71603666596096,250,563,1014.6122138026992,1016.6122138026992,2.0,8.896959093867228,1.7943432720555577,325.9385287348523,333750,-0.5169870237042778,-6.064897725426829,3.500658695543341,8.253286551537855,8.965006982957616,0,0,0,0,0,22,22,1,1
397,2013,7,21,18,41474.75,36.76512092709785,-155.05873448683909,263,567,1015.0660922415154,1017.0660922415154,2.0,9.228956633040788,1.830884096878799,353.74506923207105,393125,0.453878438816173,5.253755602304429,-99.24834304387353,21.020741118455017,101.45001308094301,0,0,0,0,0,26,26,1,1
397,2013,7,21,21,41474.875,36.536460700488206,-155.16389723246857,263,568,1015.4708167584753,1019.4708167584753,4.0,9.228602864046268,1.4503116891626997,548.817574246135,946250,0.4047245169598318,4.709982507104074,-3.1318409482190286,-8.475285708129302,9.035424481415484,0,0,0,0,0,23,23,1,1
397,2013,7,22,0,41475.0,36.05601911192856,-155.92450174492117,265,571,1015.093480392408,1017.093480392408,2.0,8.923096925768597,2.3247299358317832,317.9046851862261,317500,-0.37733636606732035,-4.4416748229318275,-22.791364954079913,-17.807555732294677,28.923266717797336,0,0,0,0,0,22,22,1,1
397,2013,7,22,3,41475.125,35.952431049976795,-155.69908003535147,264,571,1014.1859461460942,1016.1859461460942,2.0,8.983879499039352,2.3105859416728345,306.7578199542485,295625,-0.9075342463137349,-10.709314345080516,6.763612892582409,-3.839488983326293,7.777411845452892,0,0,0,0,0,21,21,1,1
397,2013,7,22,6,41475.25,36.28657470585682,-155.8232043786863,265,570,1014.3628772334985,1018.3628772334985,4.0,9.557204409487987,2.0774611470757374,513.6139777837209,828750,0.17693108740422758,2.0712473073708346,-3.708444484579998,12.385026434774645,12.928319314020618,0,0,0,0,0,19,19,1,1
397,2013,7,22,9,41475.375,36.389502228941886,-156.05013958583294,266,570,1015.01624633661,1019.01624633661,4.0,9.467961396092837,2.1010352423644507,512.4506377219443,825000,0.6533691031116178,7.630022118561741,-6.771154621103453,3.815006126383201,7.771924256400856,0,0,0,0,0,23,23,1,1
397,2013,7,22,12,41475.5,36.327072785289594,-157.16031912814097,270,572,1014.1212430467917,1018.1212430467917,4.0,9.483372663368174,1.3064350127362558,523.5879959240755,861250,-0.8950032898182689,-10.467299648276986,-33.151267323778434,-2.313945802459067,33.23192546858123,0,0,0,0,0,20,20,1,1
397,2013,7,22,15,41475.625,35.76304631212958,-157.12456330458107,269,574,1014.2170406502897,1016.2170406502897,2.0,8.830208753774656,0.890272559076693,296.53516833298573,276250,0.09579760349792195,1.1356368018072092,1.075393505884435,-20.905627436205396,20.933268490465654,0,0,0,0,0,23,23,1,1
397,2013,7,22,18,41475.75,36.19143072297373,-157.48501986983968,271,573,1014.6393064042862,1018.6393064042862,4.0,9.218125704299753,1.1799817309663923,503.0470748509662,795000,0.42226575399647115,4.954474894091503,-10.782416801958657,15.87805771316242,19.193051576903475,0,0,0,0,0,20,20,1,1
397,2013,7,22,21,41475.875,36.05383693147664,-157.80820447000593,272,574,1015.026470087091,1019.026470087091,4.0,8.894651538994209,0.7216726507295971,526.0519530436449,869375,0.3871636828048213,4.557591857475725,-9.684451826931506,-5.099910517421909,10.945213313310417,0,0,0,0,0,18,18,1,1
397,2013,7,23,0,41476.0,35.81959752055186,-157.90124981623723,272,575,1015.2116102527594,1017.2116102527594,2.0,8.135089326118845,1.0199739472215879,314.76015007415543,311250,0.18514016566841746,2.1917495819601718,-2.7964445504347033,-8.682078038348564,9.121325626663616,0,0,0,0,0,16,16,1,1
397,2013,7,23,3,41476.125,36.05383693147664,-157.80820447000593,272,574,1014.5895414143926,1016.5895414143926,2.0,8.200496653621414,1.5457340086600744,297.5398075802073,278125,-0.6220688383668311,-7.32283527212782,2.788169833344154,8.682078038348564,9.118792139507558,0,0,0,0,0,14,14,1,1
397,2013,7,23,6,41476.25,36.47720569504793,-158.17545939681318,274,573,1014.9619487820012,1016.9619487820012,2.0,8.242265082765067,1.0645984924867662,309.01936161855167,300000,0.37240736760853904,4.339951525446311,-10.945550378024967,15.692152869635798,19.13240013071809,0,0,0,0,0,14,14,1,1
397,2013,7,23,9,41476.375,36.38292839033939,-157.94456010457031,273,573,1015.6397562164784,1017.6397562164784,2.0,8.099091948191274,1.5855560782755491,315.39156525252,312500,0.6778074344772904,7.916644655713184,6.890015033165218,-3.4943859937710053,7.725479961187245,0,0,0,0,0,13,13,1,1
397,2013,7,23,12,41476.5,36.28329198308688,-159.05162359388598,277,575,1015.105208551485,1017.105208551485,2.0,7.640282214346075,0.6216786874496756,337.6310530587642,358125,-0.5345476649934426,-6.258181281194291,-33.07678405970113,-3.6930209985232976,33.28230833081793,0,0,0,0,0,11,11,1,1
397,2013,7,23,15,41476.625,36.28329198308688,-159.05162359388598,277,575,,,,7.640282214346075,,0.0,0,0.0,,0.0,0.0,0.0,0,3,0,0,0,11,11,0,0
398,2013,7,21,6,41474.25,60.428569891664075,-144.66640248303978,284,466,1012.5897259068678,1012.5897259068678,0.0,9.343943118966068,6.5606435915052135,14.104739588693906,625,,,,,,3,0,0,0,0,14,14,1,1
398,2013,7,21,9,41474.375,60.29375174926459,-144.30994017498605,283,466,1012.4698003825102,1012.4698003825102,0.0,9.40958154562354,6.414879945778666,14.104739588693906,625,-0.11992552435753169,-0.9565852512397355,6.547375628245884,-4.99703115148884,8.236409894262065,0,0,0,0,0,14,14,1,1
398,2013,7,21,12,41474.5,60.23891851791555,-144.91865062606084,284,467,1012.2377799180596,1012.2377799180596,0.0,9.29258855798227,4.805359615396519,14.104739588693906,625,-0.23202046445076122,-1.8517218046696007,-11.199304974063935,-2.032392379180269,11.382225207974196,0,0,0,0,0,18,18,1,1
398,2013,7,21,15,41474.625,59.50824202650382,-143.7690622531476,280,468,1011.6750774021086,1011.6750774021086,0.0,9.549771630244338,3.608701844721509,14.104739588693906,625,-0.5627025159509503,-4.524205188700522,21.620387304807018,-27.082506287810006,34.65405162515819,0,0,0,0,0,20,20,1,1
398,2013,7,21,18,41474.75,59.50824202650382,-143.7690622531476,280,468,1011.3014500256156,1013.3014500256156,2.0,9.654777529470804,2.1258272712140753,272.7726817250237,233750,-0.37362737649295014,-3.0040152077751054,0.0,0.0,0.0,0,0,0,0,0,23,23,1,1
398,2013,7,21,21,41474.875,58.9049149242357,-143.00472885729286,277,469,1011.7202238878126,1013.7202238878126,2.0,9.319755307985556,2.773802202447696,294.1776679257249,271875,0.41877386219697654,3.3881955290795727,14.63122799698845,-22.362304293126257,26.723500631433595,0,0,0,0,0,20,20,1,1
398,2013,7,22,0,41475.0,60.94097514294942,-144.5142205448402,285,464,1011.5119917068162,1013.5119917068162,2.0,8.604623464958985,6.735270091749262,286.98899464971794,258750,-0.20823218099641963,-1.6504315132591132,-27.17454171402136,75.46652222125891,80.21004733534853,0,0,0,0,0,20,20,1,1
398,2013,7,22,3,41475.125,60.89044899621378,-146.74257846503957,289,467,1011.1687554431935,1013.1687554431935,2.0,8.981548788901305,10.82379340921354,278.90317035875347,244375,-0.34323626362267534,-2.721797761386808,-40.1784964476199,-1.8727503933007084,40.222117930648714,0,0,0,0,0,19,19,1,1
398,2013,7,22,6,41475.25,60.626479594931766,-147.5965732358185,290,469,1011.9989332651638,1013.819985329952,1.8210520647882367,8.222064146475368,6.2412866139993275,325.9385287348523,333750,0.8301778219702828,6.600152344370858,-15.525865893976542,-9.78401940398717,18.351554360743982,0,0,0,1,0,16,17,2,0
398,2013,7,22,9,41475.375,59.91356299716124,-147.92599912470595,289,472,1012.7125180984642,1014.2171867109834,1.5046686125191626,8.27538928554683,3.906090905929304,331.38634663094945,345000,0.7135848333004106,5.7136617461157995,-6.1210205069682475,-26.424236264260365,27.12392217575066,0,0,0,0,0,21,20,2,0
398,2013,7,22,12,41475.5,58.06545178423842,-143.08938041395297,275,472,1012.6625820411925,1014.6625820411925,2.0,8.62389012675135,1.3313013759814203,358.49353766379875,403750,-0.04993605727169779,-0.4076662615894635,94.80416640211783,-68.50019691731349,116.96198931666292,0,0,1,0,0,18,18,1,1
398,2013,7,22,15,41475.625,56.93330444320718,-144.50808560046093,275,478,1013.3732385650223,1015.3732385650223,2.0,8.966763540323738,0.6872613869265478,394.17637320552694,488125,0.7106565238298208,5.875132776349594,-28.690249502566118,-41.9630135122667,50.83330521961141,0,0,0,0,0,21,21,1,1
398,2013,7,22,18,41475.75,56.14193835413225,-144.01505744854654,272,480,1013.6001598752185,1015.6001598752185,2.0,8.765988127958403,1.061584576287205,382.9118584262031,460625,0.2269213101961941,1.8932062875039102,10.181150148770065,-29.331964741226,31.04867104937546,0,0,0,0,0,18,18,1,1
398,2013,7,22,21,41475.875,55.24144229660559,-144.59313426273033,271,484,1013.9680070117442,1015.9680070117442,2.0,8.537614307418783,1.5139704230630742,394.9327084834294,490000,0.3678471365256701,3.102042643809803,-12.2155747020962,-33.37686435346415,35.542022162111685,0,0,0,0,0,16,16,1,1
398,2013,7,23,0,41476.0,54.96665143104744,-143.9863108227836,269,484,1014.3015756378454,1016.3015756378454,2.0,7.6852907696510275,1.6881933876746915,390.37271678549695,478750,0.333568626101187,2.8223989508326515,12.911502600460544,-10.185116712777651,16.44516651951576,0,0,0,0,0,14,14,1,1
398,2013,7,23,3,41476.125,54.96665143104744,-143.9863108227836,269,484,,,,7.6852907696510275,,0.0,0,0.0,,0.0,0.0,0.0,0,3,0,0,0,14,14,0,0
407,2013,7,21,15,41474.625,51.97733875215994,-105.49648970071964,199,404,1003.3774283942734,1009.3774283942734,6.0,7.786670776277422,3.8351292479693795,606.3397715326599,1155000,,,,,,3,0,0,0,0,12,12,1,1
407,2013,7,21,18,41474.75,52.047304639282125,-103.74370738367908,198,399,1002.4156084537021,1008.3424459490092,5.926837495306972,8.070394553001476,4.476364449768953,574.1512656775113,1035625,-0.9618199405711494,-8.450888066069732,39.95432697995827,2.5932838953914352,40.038398641598015,0,0,0,0,0,15,16,2,0
407,2013,7,21,21,41474.875,52.08018318252686,-101.98635653037483,197,394,1001.2120621037327,1008.9896523536776,7.777590249944769,8.52327612049079,9.098175452639406,893.399149096223,2507500,-1.2035463499694015,-10.570052170011481,40.02898105537937,1.2186424014258828,40.04752693531117,0,0,0,0,0,12,13,2,0
407,2013,7,22,0,41475.0,51.52163417845609,-100.77634343480612,194,391,1000.992538827652,1006.992538827652,6.0,8.488103214366143,7.628461692223356,680.1059133405773,1453125,-0.21952327608072664,-1.9427925772314583,27.905651941453733,-20.70260517834688,34.74655769206607,0,0,0,0,0,10,10,1,3
407,2013,7,22,3,41475.125,51.21892023465778,-99.32359177813801,192,387,1000.3882817585668,1008.3882817585668,8.0,9.392918818640895,11.868203235362088,740.1965222789484,1721250,-0.6042570690852881,-5.370333512919752,33.72582869430731,-11.220084924979306,35.54323883443249,0,0,1,0,0,9,9,1,1
407,2013,7,22,6,41475.25,51.158613763477874,-97.60577957438186,191,382,999.4906862724986,1009.4906862724986,10.0,11.170064941115042,7.485678689342094,822.4405803099426,2125000,-0.8975954860681667,-7.9841346969259845,39.93120757590686,-2.235257879680608,39.993720960406215,0,0,0,0,0,7,7,1,1
407,2013,7,22,9,41475.375,51.38622406590638,-94.58067863450252,191,373,998.1940864467276,1008.1940864467276,10.0,12.597063497296054,7.757448375797976,678.4951531833572,1446250,-1.2965998257709725,-11.496604632010126,69.96878647450151,8.436370294027888,70.47555196273628,0,0,0,0,0,11,11,1,1
407,2013,7,22,12,41475.5,51.436956301058046,-93.56574952761858,191,370,997.1341534479672,1011.1341534479672,14.0,14.172431724816187,12.970102532822203,1041.0788454559083,3405000,-1.0599329987604869,-9.391505142611914,23.450148614498495,1.8803890554011522,23.52541887069682,0,0,0,0,0,10,10,1,1
407,2013,7,22,15,41475.625,50.999107518918564,-92.51871849825994,189,367,996.8657614638083,1010.8657614638083,14.0,14.922503590011793,10.658703107571347,922.324872713612,2672500,-0.2683919841588067,-2.39272641098411,24.423043243759533,-16.22885440380282,29.323382419945663,0,0,0,0,0,12,12,1,1
407,2013,7,22,18,41475.75,50.79839791053448,-90.5011164888793,188,361,996.8716563930211,1008.8716563930211,12.0,14.367014402252757,11.488717559383222,751.7971745458301,1775625,0.005894929212809074,0.05270338667288002,47.264802470391,-7.439296727041973,47.84667896895307,0,0,0,0,0,12,12,1,1
407,2013,7,22,21,41475.875,50.78588189365036,-88.49695707871648,188,355,997.0152956209943,1007.0152956209943,10.0,13.591484495885764,10.406440020730951,578.9819503985461,1053125,0.14363922797318082,1.2844298409187667,46.96248622020589,-0.46390585977081883,46.96477744682453,0,0,0,0,0,8,8,1,1
407,2013,7,23,0,41476.0,51.21330703433109,-86.79208830444945,190,350,995.7565952528334,1005.7565952528334,10.0,14.411337130373607,12.423892745865306,495.27523261352746,770625,-1.2587003681607893,-11.187577737959794,39.58334487302397,15.842502388011129,42.63597158797828,0,0,0,0,0,8,8,1,1
407,2013,7,23,3,41476.125,51.19927699466578,-86.45523354440512,190,349,995.4733527646027,1005.4733527646027,10.0,15.062341186953551,20.72317513869086,464.60078730925875,678125,-0.2832424882307532,-2.518010824943457,7.823586253573657,-0.5200230771347067,7.840849817963569,0,0,0,0,0,8,8,1,1
407,2013,7,23,6,41476.25,50.71640871942858,-82.81295287831503,189,338,996.7607580315535,1004.7607580315535,8.0,13.31044086178121,6.589546722925807,457.9155353594941,658750,1.2874052669506637,11.52345836396838,85.46853299391664,-17.89750081466145,87.3223377352154,0,0,0,0,0,6,6,1,1
407,2013,7,23,9,41476.375,51.09698544806862,-79.68010341875818,192,329,996.1745892803341,1006.1745892803341,10.0,13.449571650392166,7.308529408844406,597.2487054860064,1120625,-0.5861687512193748,-5.218508722140367,72.91768765755432,14.106067141251875,74.26957858718572,0,0,0,0,0,6,6,1,1
407,2013,7,23,12,41476.5,51.476453284985176,-78.88993571356922,194,327,995.4500407624614,1011.4500407624614,16.0,14.744790027501192,6.369035317300878,1396.6541344477673,6128125,-0.7245485178726085,-6.416316096488441,18.241256110637092,14.064966096635185,23.034033424334353,0,0,0,0,0,5,5,1,1
407,2013,7,23,15,41476.625,51.514571741039575,-77.48963315906049,195,323,995.126818065093,1013.126818065093,18.0,14.589182289471228,4.570231967749351,1543.9375506019867,7488750,-0.32322269736847375,-2.8608182285908907,32.299042647541086,1.4128596415908508,32.32992929646636,0,0,0,0,0,5,5,1,1
407,2013,7,23,18,41476.75,51.8163994997277,-76.33769032054319,197,320,994.5201243283319,1014.5201243283319,20.0,14.604367692682354,6.10891755261,1792.3011975198372,10091875,-0.6066937367610808,-5.347476353752233,26.394138616271956,11.187238495539217,28.667139000099976,0,0,0,0,0,7,7,1,2
407,2013,7,23,21,41476.875,52.16176832269613,-75.50271778157536,199,318,994.2598999099065,1008.2598999099065,14.0,14.284537315398364,9.775939626051331,1115.7909940200948,3911250,-0.26022441842535043,-2.282870656456713,18.984600918115177,12.801086978430753,22.89722471937263,0,0,0,0,0,6,6,1,3
407,2013,7,24,0,41477.0,52.498261795468636,-74.65315920958594,201,316,993.6551451781689,1007.6551451781689,14.0,14.895169340573593,11.017617407911093,1040.6010013744378,3401875,-0.6047547317376302,-5.281330539540327,19.16985544447222,12.472122340437204,22.87000641532035,0,0,0,0,0,5,5,1,2
407,2013,7,24,3,41477.125,52.663120820307114,-74.22290846459052,202,315,993.385134602146,1011.385134602146,18.0,15.466677690080894,12.805789364075826,1316.0561037423713,5441250,-0.2700105760229053,-2.3528204282137755,9.671987307426209,6.110495724535962,11.440519938996914,0,0,0,0,0,4,4,1,2
407,2013,7,24,6,41477.25,52.985943314260794,-73.35147494382927,204,313,992.6771829343066,1012.6771829343066,20.0,16.05530467179803,11.216611443284854,1536.8989228841929,7420625,-0.7079516678393702,-6.1426521352500325,19.44463042583538,11.965407844797829,22.831220670162875,0,0,0,0,0,3,3,1,2
407,2013,7,24,9,41477.375,52.91739933383577,-73.01385735333575,204,312,992.5390580913951,1010.5390580913951,18.0,16.188669315829298,14.831341820341112,1280.2722250239035,5149375,-0.13812484291149305,-1.199544349308818,7.545378499140694,-2.540580958429326,7.961613423272216,0,0,0,0,0,4,4,1,2
407,2013,7,24,12,41477.5,53.29941019270474,-72.46550009407932,206,311,993.2405992862637,1011.2405992862637,18.0,16.24774293604687,17.639327272554656,1267.4660574681354,5046875,0.7015411948684778,6.06211638100442,12.146778466094222,14.159223143120206,18.65550393640014,0,0,0,0,0,5,5,1,2
407,2013,7,24,15,41477.625,53.378869631899164,-71.6778379989403,207,309,994.6637449518291,1012.6637449518291,18.0,15.218073862018409,15.4864524292462,1338.0187465446654,5624375,1.4231456655655348,12.284914858617418,17.415146506055656,2.9451621708141658,17.662426448248194,0,0,0,0,0,4,4,1,2
407,2013,7,24,18,41477.75,53.930307546909816,-68.70264595096624,212,302,995.4140294164735,1013.4140294164735,18.0,15.139753827483764,11.047398878135354,1458.5964835350835,6683750,0.7502844646443555,6.430921708497691,64.92196908716093,20.439032836212387,68.06332443713022,0,0,0,0,0,4,4,1,2
407,2013,7,24,21,41477.875,54.19373079637571,-67.75864338134927,214,300,996.6859821903115,1012.6859821903115,16.0,14.624043056673036,10.888267329990923,1487.2978065264806,6949375,1.2719527738379839,10.866028842011508,20.470289619926678,9.763776300277032,22.67959622139533,0,0,0,0,0,4,4,1,1
407,2013,7,25,0,41478.0,55.65953225523442,-64.70797884297873,223,295,997.6999248631417,1011.6999248631417,14.0,15.464895325296641,9.71382353459805,1122.7230955528664,3960000,1.0139426728303078,8.507690787587139,63.78029331730172,54.329895231094056,83.78343112729807,0,0,0,0,0,3,3,1,1
407,2013,7,25,3,41478.125,55.871809960579775,-64.54486232662877,224,295,997.6838880692827,1013.6838880692827,16.0,16.608886911424754,17.79628444519236,1388.1528998943606,6053750,-0.01603679385909345,-0.13422114223501638,3.392034717588412,7.868067958050641,8.568103227542737,0,0,0,0,0,3,3,1,1
407,2013,7,25,6,41478.25,55.77333293516444,-63.34981399774181,225,292,998.7225793815574,1012.7225793815574,14.0,16.354812547210273,13.89510814788009,818.3180451750711,2103750,1.0386913122746047,8.703556147337826,24.913906375881798,-3.650048539077601,25.179864678822764,0,0,0,0,0,3,3,1,1
407,2013,7,25,9,41478.375,55.97681192621701,-62.321718025919644,227,290,1000.7158381389527,1012.7158381389527,12.0,15.468486236807337,9.060104027845009,720.3090409536582,1630000,1.9932587573953788,16.662059887892262,21.32138878966839,7.541943827933074,22.615979674201483,0,0,0,0,0,3,3,1,1
407,2013,7,25,12,41478.5,55.97681192621701,-62.321718025919644,227,290,,,,15.468486236807337,,0.0,0,0.0,,0.0,0.0,0.0,0,3,0,0,0,3,3,0,0
409,2013,7,19,3,41472.125,53.2979401028707,-85.5467012556061,199,347,998.7138830332558,1000.7138830332558,2.0,8.21691953878619,5.405013688031031,329.2784611561371,340625,-0.5459816790813057,-4.717994905725422,31.074462710030698,-11.044769575430685,32.978920050411716,2,0,0,2,0,10,10,1,2
409,2013,7,19,6,41472.25,53.47175832183221,-84.44950021041704,200,344,996.794062057189,1002.794062057189,6.0,9.635844580973323,5.3732947318947115,801.4918209530666,2018125,-1.9198209760668397,-16.552405317720655,24.205964414517076,6.442568035637731,25.04866056560087,0,0,0,0,0,11,11,1,2
409,2013,7,19,9,41472.375,53.13360572772451,-83.07278187399083,199,340,995.182279818589,999.182279818589,4.0,10.556108569273965,4.649538712508802,464.38663620900866,677500,-1.6117822385999898,-13.957803574403545,30.613851329714347,-12.533617632158032,33.08019746293839,0,0,0,0,0,10,10,1,1
409,2013,7,19,12,41472.5,52.738524411891284,-81.37384268544878,198,335,994.5627781743736,1004.5627781743736,10.0,10.999968519715244,3.157796985909954,1008.7600891162406,3196875,-0.6195016442153428,-5.392809500785902,38.12520602392125,-14.64367931090346,40.8407722518444,0,0,2,0,0,11,11,1,2
409,2013,7,19,15,41472.625,53.23917753684966,-77.64464013491647,202,325,993.2271702465346,1003.2271702465346,10.0,11.395940502391042,2.414388136054622,955.4855008376029,2868125,-1.3356079278391553,-11.550233572649322,82.71364769963697,18.556695834705263,84.76967899008127,0,0,0,0,0,13,13,1,2
409,2013,7,19,18,41472.75,52.96843249286206,-75.92096656279729,202,320,991.0237108530999,1005.0237108530999,14.0,12.714358082937498,3.000086946984666,1099.2651661110776,3796250,-2.203459393434605,-19.123063433352943,38.47589036258648,-10.035158435193079,39.76302986460164,0,0,0,0,0,13,13,1,2
409,2013,7,19,21,41472.875,52.20620139252341,-74.41106432481385,200,315,989.9884858831424,1003.9884858831424,14.0,13.386028042059964,5.269769666731954,1040.1229377660886,3398750,-1.0352249699574896,-9.076253155063059,34.29562426208292,-28.252077096119255,44.43388013409404,0,0,0,0,0,11,11,1,2
409,2013,7,20,0,41473.0,54.04086349660549,-70.18746227722822,211,306,989.1921885768465,1007.1921885768465,18.0,14.695508851724652,4.249067197388285,1362.4769603512914,5831875,-0.7962973062958918,-6.815745259368116,91.91244413358385,68.00170602698647,114.33341335405788,0,0,0,0,0,8,8,1,2
409,2013,7,20,3,41473.125,54.67547869116437,-68.6443296560776,215,303,987.7660415419303,1007.7660415419303,20.0,16.227856202422544,8.976189979646515,1382.1925148615653,6001875,-1.4261470349162118,-12.110252618201793,33.070554138940544,23.52199666883225,40.58258097195339,0,0,0,0,0,7,7,1,2
409,2013,7,20,6,41473.25,55.83582937519516,-66.25050550713324,222,299,987.7471444364855,1007.7471444364855,20.0,15.76971940249577,7.76278020973994,1379.8155698269236,5981250,-0.01889710544477566,-0.1582281104031171,49.82360950051674,43.008369730922425,65.8187809866736,0,0,0,0,0,6,6,1,2
409,2013,7,20,9,41473.375,56.18451319581727,-64.72711570917194,225,296,987.8404294981433,1007.8404294981433,20.0,15.609520827440107,7.16101709707691,1378.661636470298,5971250,0.09328506165780709,0.7778904179267485,31.422943748569665,12.923957285406805,33.97690488759671,0,0,0,0,0,6,6,1,3
409,2013,7,20,12,41473.5,56.61287052779382,-63.52215694357268,228,294,988.9611418266375,1008.9611418266375,20.0,14.691059128485751,6.510699925648006,1414.6287377618619,6286875,1.120712328494119,9.299147084042524,24.576750646425424,15.877054035597103,29.259144163591706,0,0,0,0,0,6,6,1,2
409,2013,7,20,15,41473.625,56.39174894556328,-61.96170588653291,229,290,989.3313158740585,1009.3313158740585,20.0,14.203982738198714,5.656022933272689,1435.2222305158375,6471250,0.3701740474210237,3.0793865463149586,32.013355738471354,-8.195866038551602,33.04583431780472,0,0,0,0,0,5,5,1,2
409,2013,7,20,18,41473.75,56.80480492121389,-61.59299348974691,231,290,990.887096780291,1008.887096780291,18.0,12.432562831573357,5.170508885992531,1389.298949955322,6063750,1.5557809062325396,12.880777400288352,7.4822039602074755,15.309909637522384,17.040443339633075,0,0,0,0,0,7,7,1,2
409,2013,7,20,21,41473.875,56.55229281248639,-60.03781590358224,232,286,993.0450492498226,994.2913069364233,1.2462576866007293,10.480259097108233,2.19946552074558,376.6256006044354,445625,2.157952469531592,17.91817650150274,31.77053100098597,-9.359355135605625,33.120449402733016,0,0,0,1,0,5,9,2,0
409,2013,7,21,0,41474.0,54.01244974780953,-59.78272604261568,223,280,994.2904155415616,1008.7385935141024,14.448177972540725,9.98787264418168,4.624303753104686,1321.4868947802024,5486250,1.2453662917390467,10.66329770547284,5.555785246580774,-94.13922108847858,94.3030206136133,0,0,2,0,0,5,9,2,0
409,2013,7,21,3,41474.125,51.65036055476115,-63.66382555295566,209,285,994.1679502817651,1008.540147804111,14.37219752234596,10.352850352362509,5.455678624298453,1271.6187407449045,5080000,-0.12246525979659055,-1.0818947819624214,-89.24426212097995,-87.55077818297298,125.01870692805262,0,0,1,0,0,6,11,2,0
409,2013,7,21,6,41474.25,59.5255382588151,-72.9129384572766,231,320,993.1150091339899,1008.6069459661271,15.491936832137144,14.719129883497137,2.204811745617335,1252.9423649644395,4931875,0.5748613298789133,4.621142471067213,5.353654366187244,-10.75484412147148,12.013670844073655,0,0,0,0,2,9,5,2,0
409,2013,7,21,9,41474.375,59.45640607557067,-72.50644640009918,231,319,993.2151134677413,1009.6487640499741,16.433650582232804,14.78876201644479,2.590757469556629,1319.0005578745147,5465625,0.10010433375136926,0.8052818686922315,7.656749919598585,-2.562382681547347,8.07413303940223,0,0,0,0,0,5,3,2,0
409,2013,7,21,12,41474.5,59.38569097274653,-72.10176409167988,231,318,994.3179004825356,1008.3327818028466,14.01488132031096,14.206633076783689,2.8538985397309444,1167.800889971693,4284375,1.102787014794303,8.877760312686936,7.638599333231937,-2.621053557064151,8.075773741422553,0,0,0,0,0,8,6,2,0
409,2013,7,21,15,41474.625,59.09232180620576,-71.83092295558158,230,317,994.6486947355463,1009.0007317969389,14.35203706139262,13.890444763679316,2.0031510208943657,1174.3413395990424,4332500,0.3307942530106811,2.671119215755511,5.156447645107765,-10.873720984425502,12.034399044566909,0,0,0,0,0,8,6,2,0
409,2013,7,21,18,41474.75,59.08719723584733,-70.5016785393231,231,314,995.2302090537569,1009.2836294222095,14.053420368452644,13.017134608398024,5.348791251608782,1185.1339050022898,4412500,0.5815143182105385,4.695901569860923,25.310389901498972,-0.1899420750302653,25.31110260256886,0,0,0,0,0,8,6,2,0
409,2013,7,21,21,41474.875,58.84719306633334,-69.32189322772362,231,311,995.9739155026004,1009.2438418188876,13.269926316287165,12.348753446146624,5.235943774281768,1160.795217491767,4233125,0.7437064488435863,6.020805892088146,22.621545719960903,-8.895748674498622,24.307790422827935,0,0,0,0,0,6,5,2,0
409,2013,7,22,0,41475.0,60.831002207497775,-59.95167735392434,248,295,992.4850460948095,1010.4850460948095,18.0,15.256882390665368,4.134918468247196,1233.8221227851197,4782500,-0.7587957240780816,-6.020586030629075,-23.27543530060199,24.955164285926823,34.124860629314036,0,0,1,0,2,3,3,1,1
409,2013,7,22,3,41475.125,61.487422025280985,-61.298796381537315,249,299,992.4504278180185,1010.4504278180185,18.0,15.863199371794902,4.475682848375145,1204.944383926418,4561250,-0.03461827679100679,-0.27294763663356547,-23.83419089150809,24.330184495479635,34.05916224801962,0,0,0,0,0,3,3,1,1
409,2013,7,22,6,41475.25,61.92035912800207,-62.918784593157184,249,303,993.054152128328,1009.054152128328,16.0,15.459380879137727,4.3621084318376235,1103.6001096460298,3826250,0.6037243103094806,4.740737077259306,-28.262269593715963,16.04680312625964,32.50008881773738,0,0,0,0,0,2,2,1,1
409,2013,7,22,9,41475.375,61.91104471774586,-64.98310652189998,247,307,993.4869598347417,999.4869598347417,6.0,15.901392750429546,4.926760125416913,482.25010170349583,730625,0.4328077064137324,3.3989115572110937,-36.02449469196775,-0.3452383883921377,36.02614893874215,0,0,0,0,0,6,6,1,1
409,2013,7,22,12,41475.5,61.526030209846425,-67.81803373677971,243,312,995.2665924163251,1001.2665924163251,6.0,15.018632618632923,3.3898071506423,525.6736344380449,868125,1.779632581583428,14.026373254188547,-50.09226971234084,-14.270553320989595,52.08535472684338,0,0,0,0,0,6,6,1,1
409,2013,7,22,15,41475.625,60.69630238737346,-69.88448352676428,238,315,996.0396638056976,1004.0396638056976,8.0,14.602375376287391,3.3398904092022708,631.5711172338889,1253125,0.7730713893724896,6.141931444445095,-37.48599196131377,-30.75384145161042,48.48709475060836,0,0,0,0,0,9,9,1,2
409,2013,7,22,18,41475.75,60.04156613173863,-70.33160057225015,235,315,997.6987845635022,999.6987845635022,2.0,13.048393922343083,3.290514286847028,205.36810833075387,132500,1.659120757804485,13.26741252627503,-8.275761275637853,-24.2677833056159,25.640076662515597,0,0,0,2,0,7,7,1,1
409,2013,7,22,21,41475.875,59.19840037469201,-68.62937773065681,233,310,999.1651825754639,1007.1651825754639,8.0,11.992895956709804,4.067012476268428,686.5111617671449,1480625,1.466398011961719,11.82787761110133,32.30687902536089,-31.251918168001076,44.94904694805819,0,0,3,0,0,3,3,1,1
409,2013,7,23,0,41476.0,58.809894470198316,-68.00515512597707,232,308,999.9868859650317,1005.9868859650317,6.0,11.156197179923739,4.545021846406234,579.1537296488467,1053750,0.8217033895678469,6.6548640068601665,11.982023852192123,-14.399961850384614,18.73306693755812,0,0,0,0,0,3,3,1,1
409,2013,7,23,3,41476.125,58.93721298464971,-67.46058400149667,233,307,1000.9434707053945,1006.9434707053945,6.0,10.614296066246844,4.758731368388399,601.8940431778061,1138125,0.9565847403627413,7.736860871235543,10.414718636336014,4.719057624972421,11.433978710049054,0,0,0,1,0,5,5,1,2
409,2013,7,23,6,41476.25,58.847193066333354,-67.07528779957276,233,306,1001.9053324807408,1003.9053324807408,2.0,9.44797269893704,3.3969991035129343,222.12166116452389,155000,0.9618617753463332,7.786920569781893,7.387866511212235,-3.3365860712454474,8.106378858548394,0,0,0,2,0,4,4,1,1
409,2013,7,23,9,41476.375,58.96954108233586,-66.52647983294943,234,305,1003.2189980759462,1005.2189980759462,2.0,8.401391286078038,2.8890877988177817,258.54414729132054,210000,1.3136655952053844,10.621323984663603,10.485913013045607,4.5348262215019455,11.424492136475076,0,0,3,0,0,5,5,1,1
409,2013,7,23,12,41476.5,58.96954108233586,-66.52647983294943,234,305,,,,8.401391286078038,,0.0,0,0.0,,0.0,0.0,0.0,0,3,0,0,0,5,5,0,0
415,2013,7,22,0,41475.0,33.9533005402785,153.38155109419435,467,574,1005.2479289749879,1009.2479289749879,4.0,8.369828629395164,9.324799448837439,474.55689276948857,707500,,,,,,3,0,0,0,0,23,23,1,1
415,2013,7,22,3,41475.125,34.97218090761868,154.24952587268174,462,572,1002.2578436244535,1008.2578436244535,6.0,10.917426697659623,23.599503370438686,466.3104555972362,683125,-2.990085350534355,-36.142168370398196,26.36219400269469,37.76477590199074,46.05587445227039,0,0,0,0,0,22,22,1,1
415,2013,7,22,6,41475.25,35.75761077783549,154.70064388788785,459,570,999.6717952471084,1007.6717952471084,8.0,12.85802712901228,26.847851084905123,514.1946608157373,830625,-2.5860483773451417,-30.660460100525274,13.568757648979892,29.111938934401337,32.118782241191255,0,0,0,0,0,20,20,1,1
415,2013,7,22,9,41475.375,36.65840306854347,154.8321298502184,457,567,998.9340215682503,1006.9340215682503,8.0,13.95491504673155,28.369030712453096,458.1327113429437,659375,-0.737773678858066,-8.561270898602439,3.9095860063317978,33.38784422908599,33.615963544224286,0,0,0,0,0,22,22,1,1
415,2013,7,22,12,41475.5,37.22114482008777,154.84588964330476,456,565,999.1921063927565,1007.1921063927565,8.0,14.098716496785949,30.70342148692704,443.1223431961267,616875,0.2580848245062225,2.9560005237813245,0.4061215280778652,20.85800926093313,20.861962635973168,0,0,0,0,0,19,19,1,1
415,2013,7,22,15,41475.625,37.55521439087959,154.96777039284626,455,564,997.3082251034695,1007.3082251034695,10.0,14.987305619097866,29.317551700819532,538.941342951818,912500,-1.883881289287092,-21.41322814788898,3.5813271733713705,12.382280472791697,12.889793405233721,0,0,0,0,0,22,22,1,1
415,2013,7,22,18,41475.75,37.888528349829556,155.0910952084057,454,563,997.9055897959354,1007.9055897959354,10.0,13.879383759755541,21.371401895883245,707.9118074030165,1574375,0.597364692465926,6.739099000046386,3.607489889700555,12.35427373834963,12.87020057754995,0,0,0,0,0,19,19,1,1
415,2013,7,22,21,41475.875,38.22108810546757,155.21588874398395,453,562,998.4427680983399,1006.4427680983399,8.0,13.552508319923458,14.791823877295393,514.7746888183274,832500,0.5371783024044998,6.015346574933851,3.6339036470490766,12.326319211033855,12.85081324307294,0,0,0,0,0,17,17,1,1
415,2013,7,23,0,41476.0,38.674746632092074,154.99875255633168,453,560,997.5492679967955,1007.5492679967955,10.0,14.179116808292452,15.384135847695072,717.5418042889776,1617500,-0.8935001015443413,-9.906167363388551,-6.28323483844792,16.81484219656344,17.950430583426574,0,0,0,0,0,15,15,1,1
415,2013,7,23,3,41476.125,38.79454055965709,154.65382405805332,454,559,997.224636954708,1007.224636954708,10.0,13.868031627027685,14.024832040284673,723.8906340947266,1646250,-0.32463104208756705,-3.5897905175101448,-9.964411169277968,4.440158996018268,10.908918455115222,0,0,0,0,0,13,13,1,1
415,2013,7,23,6,41476.25,38.91226702045548,154.30740594582406,455,558,996.7251126817421,1006.7251126817421,10.0,13.446946409956677,12.760687429811515,759.4325019573864,1811875,-0.4995242729659367,-5.5096994684718785,-9.99089304689129,4.363528390867033,10.90221646695402,0,0,0,0,0,13,13,1,1
415,2013,7,23,9,41476.375,38.803589643020004,154.0734771738033,456,558,997.0598842204234,1007.0598842204234,10.0,12.995781279601697,11.310465691514036,806.3175196722395,2042500,0.33477153868137977,3.701197634184491,-6.756957629969136,-4.0281243372868305,7.866527956464694,0,0,0,0,0,12,12,1,1
415,2013,7,23,12,41476.5,38.24802677476824,153.49241698771579,459,559,998.4313546258085,1006.4313546258085,8.0,12.051428248490046,9.854108797564331,632.0434377166314,1255000,1.3714704053850437,15.348624912385644,-16.913787687073995,-20.591924127231916,26.64776825899482,0,0,0,0,0,10,10,1,1
415,2013,7,23,15,41476.625,37.68769458514949,153.4918463012528,460,561,997.819528006599,1005.819528006599,8.0,11.805721852834008,8.78179853974536,655.0736716671819,1348125,-0.6118266192094598,-6.933524112558545,-0.016739117527079267,-20.768698907080758,20.768705652761152,0,0,0,0,0,11,11,1,1
415,2013,7,23,18,41476.75,37.3508253831108,153.37838834819198,461,562,998.3072949261742,1004.3072949261742,6.0,10.972903141529347,7.088149890167042,521.8753647816745,855625,0.48776691957522417,5.570105270838609,-3.3429554574713785,-12.486048736501049,12.925817739737672,0,0,0,0,0,12,12,1,1
415,2013,7,23,21,41476.875,37.12596368239638,153.49128683771815,461,563,999.1080818001286,1005.1080818001286,6.0,10.458372727784907,5.793224342678586,580.3547607439983,1058125,0.8007868739543482,9.192007820331487,3.336409188267318,-8.334493438703419,8.977494480719267,0,0,0,0,0,11,11,1,1
415,2013,7,24,0,41477.0,36.78604151220376,153.93900426024007,460,565,999.3592640860514,1005.3592640860514,6.0,10.17835262006512,5.213200264186234,621.2493356115934,1212500,0.2511822859228414,2.9060772980856084,13.290254308432193,-12.59920692647613,18.313133941490314,0,0,0,0,0,13,13,1,1
415,2013,7,24,3,41477.125,36.78604151220376,153.93900426024007,460,565,999.6230311415965,1005.6230311415965,6.0,9.76263213454074,5.265540838630768,628.5715124197327,1241250,0.2637670555450313,3.0516779847196887,0.0,0.0,0.0,0,0,0,0,0,10,10,1,1
415,2013,7,24,6,41477.25,36.55951636368545,154.0486094608085,460,566,999.7722481859137,1003.7722481859137,4.0,9.075736159428468,4.894255808540329,437.92888284027794,602500,0.14921704431719263,1.7355712770582385,3.263167745723181,-8.39614909088035,9.00797331773463,0,0,0,0,0,10,10,1,1
415,2013,7,24,9,41477.375,36.77833327535906,154.49897097695583,458,566,1000.2330532047764,1004.2330532047764,4.0,9.2166568264924,4.279779511158413,417.4621691670102,547500,0.4608050188627385,5.332286873011494,13.37008737026058,8.110443480712144,15.637727767876878,0,0,0,0,0,12,12,1,1
415,2013,7,24,12,41477.5,36.886318078259194,154.725428827498,457,566,1001.380725303843,1005.380725303843,4.0,8.95959103186399,4.092180945431392,421.49342251846366,558125,1.147672099066549,13.247114452686292,6.713478578769596,4.00245407906911,7.816036929458252,0,0,0,0,0,12,12,1,1
415,2013,7,24,15,41477.625,36.99334901536919,154.95273505402474,456,566,1001.2933324226952,1005.2933324226952,4.0,8.620812763358645,4.157315089288605,457.26338852676304,656875,-0.08739288114767987,-1.0062376434589995,6.729170749899542,3.9670990668815374,7.811505231884309,0,0,0,0,0,11,11,1,1
415,2013,7,24,18,41477.75,37.327533193794125,155.07475525127373,455,565,1001.3940167047174,1005.3940167047174,4.0,8.710048635877897,3.8833923303048503,472.877040089824,702500,0.1006842820221209,1.1503875324804256,3.596350834823264,12.386528401910933,12.898055092861101,0,0,0,0,0,11,11,1,1
415,2013,7,24,21,41477.875,37.66095718971645,155.19821436433378,454,564,1002.924512657132,1004.924512657132,2.0,8.050065807452464,3.6990875279356987,195.44100476116796,120000,1.5304959524146398,17.35482782545772,3.622551780361643,12.358352256039563,12.878344299084391,0,0,0,0,0,10,10,1,1
415,2013,7,25,0,41478.0,37.76573286423063,155.42951812416385,453,564,1003.2377004521018,1005.2377004521018,2.0,8.132484296335297,3.738527460879995,186.5881662950577,109375,0.31318779496970817,3.542957073907628,6.777350555923144,3.883507813912639,7.811153147813213,0,0,0,0,0,14,14,1,1
415,2013,7,25,3,41478.125,37.993622438091045,155.32313682966296,453,563,1003.7828498032454,1005.7828498032454,2.0,7.637871153923624,4.082478687557669,185.5188843315482,108125,0.5451493511437729,6.135585612018239,-3.1074122469131806,8.446721482822962,9.000173036150414,0,0,0,0,0,19,19,1,1
415,2013,7,25,6,41478.25,38.0977444137957,155.55604521958347,452,563,1003.6172537324649,1005.6172537324649,2.0,7.648305667085205,3.6121731196417386,192.8794129702041,116875,-0.16559607078059344,-1.859439433407895,6.793616326917252,3.8592784835218352,7.813274167129376,0,0,0,0,0,12,12,1,1
415,2013,7,25,9,41478.375,38.0977444137957,155.55604521958347,452,563,,,,7.648305667085205,,0.0,0,0.0,,0.0,0.0,0.0,0,3,0,0,0,12,12,0,0
435,2013,7,19,18,41472.75,71.04906135952113,42.11358145613539,416,297,1005.6562265175955,1005.6562265175955,0.0,7.644038305362843,2.0915152623466566,14.104739588693906,625,,,,,,3,0,0,0,0,11,11,1,1
435,2013,7,19,21,41472.875,71.64587447146349,40.030259271889705,412,297,1005.3555769898294,1007.3555769898294,2.0,8.651482674569568,2.7557805237018327,295.5271138519739,274375,-0.3006495277660724,-2.194603967356284,-24.313998227272968,22.120863400980205,32.87100709440857,0,0,0,0,0,9,9,1,1
435,2013,7,20,0,41473.0,72.35417547107238,37.23483398157467,407,297,1004.2045513360454,1008.2045513360454,4.0,10.074654434591306,3.8480504974240466,365.63663957157263,420000,-1.1510256537840178,-8.368279497070962,-31.40541109338823,26.253159231259744,40.93321653091278,0,0,0,0,0,7,7,1,1
435,2013,7,20,3,41473.125,72.82819302921374,33.79405249259743,402,296,1002.9127349888741,1008.9127349888741,6.0,10.916608941662101,4.407942065160678,431.7525067632873,585625,-1.2918163471712614,-9.367535778779198,-37.64726498001306,17.56944920191991,41.545181498389944,0,0,0,0,0,6,6,1,1
435,2013,7,20,6,41473.25,73.07602560709736,32.52953827833111,400,296,1001.0853956876526,1009.0853956876526,8.0,12.219653721861595,6.51068945552841,484.10293709377135,736250,-1.8273393012215093,-13.233287083704123,-13.643485879375927,9.18590843930074,16.447663080083654,0,0,0,0,0,5,5,1,1
435,2013,7,20,9,41473.375,73.74124427073573,30.284928349402225,396,297,999.7279924367181,1007.7279924367181,8.0,13.766720722902669,4.31346948193619,445.36147995563624,623125,-1.3574032509345852,-9.796141899972037,-23.29160279055917,24.656313501953544,33.91802700718013,0,0,0,0,0,7,7,1,1
435,2013,7,20,12,41473.5,73.85417339161238,29.59657503753038,395,297,996.9990479623951,1006.9990479623951,10.0,16.549788196386793,9.72502494269873,460.0826820390231,665000,-2.728944474322925,-19.683039178013225,-7.09491481440578,4.185715103971094,8.237598385165809,0,0,0,0,0,7,7,1,1
435,2013,7,20,15,41473.625,74.97478911383497,29.054604099077146,392,301,995.9860197114881,1005.9860197114881,10.0,18.112381132774956,6.222884748695432,459.6500701125706,663750,-1.013028250907082,-7.266907739026197,-5.207712349299832,41.535594343093464,41.86079150406819,0,0,0,0,0,6,6,1,1
435,2013,7,20,18,41473.75,75.79682333678662,26.767508919296183,388,303,995.2020703352927,1005.2020703352927,10.0,19.55704023276506,6.828249836473114,445.36147995563624,623125,-0.7839493761953782,-5.602622993334941,-20.798242122959657,30.468678373474948,36.890476240237305,0,0,0,0,0,8,8,1,1
435,2013,7,20,21,41473.875,76.30133826005886,26.77492488864554,387,305,995.6511657412514,1009.6511657412514,14.0,19.45891720601425,6.730201727746462,680.6906992726435,1455625,0.4490954059586511,3.202521069948287,0.06509410841035898,18.699833294780362,18.69994659071319,0,0,0,0,0,8,8,1,1
435,2013,7,21,0,41474.0,77.20637704189065,27.68835389115342,386,309,997.0162113125759,1009.0162113125759,12.0,18.59988682930773,4.494332242101373,627.6212903913004,1237500,1.3650455713245901,9.69807754490638,7.497045367990253,33.545240318755724,34.37279210789806,0,0,0,0,0,7,7,1,2
435,2013,7,21,3,41474.125,78.41206055539622,28.300755766006375,384,314,998.6320173292146,1008.5284236765598,9.896406347345183,17.829580027847594,4.245526099206764,542.6201661567752,925000,1.6158060166386712,11.42755396470451,4.559498143284136,44.68862994693573,44.92062632970262,0,0,0,0,0,9,10,2,0
435,2013,7,21,6,41474.25,79.91502335167314,14.808377039042396,371,316,998.6165632122713,1010.6165632122713,12.0,19.196979430320745,6.200381287628188,609.4488070713658,1166875,-0.01545411694329232,-0.10874953806536052,-87.37483241412392,55.70727929383758,103.62269204048825,0,0,1,0,0,8,8,1,1
435,2013,7,21,9,41474.375,80.42218445404302,6.0440921622411095,364,317,999.8410483815562,1011.8410483815562,12.0,18.42782213641291,4.833594359616036,622.5289442497956,1217500,1.2244851692848897,8.603409027331951,-53.99924779858445,18.797913858330386,57.17762086899154,0,0,0,0,0,4,4,1,1
435,2013,7,21,12,41474.5,80.45905392847673,3.3664606634298013,362,317,1000.9271230767331,1012.9271230767331,12.0,17.632925596124565,4.14721783759589,642.5014658696147,1296875,1.0860746951769398,7.630090201367126,-16.44886485784744,1.3665661683603127,16.505534169006328,0,0,0,0,0,7,7,1,1
435,2013,7,21,15,41474.625,80.25023016140298,0.658543177563603,360,316,1002.1097037254623,1014.1097037254623,12.0,16.31007833554113,3.7042180015487243,699.8566548696297,1538750,1.1825806487291992,8.31322920695207,-16.995488740349124,-7.740047820469178,18.67498267165149,0,0,0,1,0,7,7,1,2
435,2013,7,21,18,41474.75,80.02552071574524,0.643745714175381,360,315,1003.382034596694,1015.382034596694,12.0,15.149626504087513,3.2100200352323736,854.8216963031908,2295625,1.2723308712316794,8.950249862808384,-0.09499980550986738,-8.328850108750055,8.32939188038795,0,0,0,0,0,9,9,1,2
435,2013,7,21,21,41474.875,79.57597451651502,0.6160599083992302,360,313,1004.6517060250061,1014.2402142932135,9.58850826820737,13.860728522325958,3.4207424409583473,721.826499199837,1636875,1.26967142831214,8.944158876372507,-0.1856672135785709,-16.662418882248687,16.663453283209805,0,0,0,0,0,7,9,2,0
435,2013,7,22,0,41475.0,79.34640306096416,1.8087393224920654,361,312,1005.6806662451401,1015.2213724334185,9.540706188278564,13.007294332060562,3.0575471741055664,800.0011343168733,2010625,1.0289602201338857,7.253881820017566,8.172370949649734,-8.509060386553926,11.797955568686474,0,0,0,0,0,4,6,2,0
435,2013,7,22,3,41475.125,82.92245441599675,4.537772507906651,362,328,1005.4690424053495,1015.4690424053495,10.0,13.417804430764571,3.049753756125865,815.5174544087071,2089375,-0.2116238397905545,-1.4774305457101815,12.461981909674195,132.54625603334108,133.13080402961987,0,0,1,0,0,5,5,1,1
435,2013,7,22,6,41475.25,82.94378015854309,0.9093804491991414,360,328,1005.6737415609695,1013.6737415609695,8.0,12.75353745103194,3.4192620719796105,668.6003637520406,1404375,0.20469915562003735,1.4290206204087124,-16.51800301759431,0.7904381260269153,16.53690467168302,0,0,0,0,0,3,3,1,1
435,2013,7,22,9,41475.375,82.71950770842604,-0.8814039965821377,359,327,1005.7439725128119,1013.7439725128119,8.0,12.691964022042782,3.3961457597588014,630.9408065806199,1250625,0.07023095184238627,0.49052912626467554,-8.411208634923792,-8.312652879720487,11.825761227039122,0,0,0,0,0,7,7,1,1
435,2013,7,22,12,41475.5,82.48851030031587,-2.5637702114650045,358,326,1006.5120092916891,1014.5120092916891,8.0,11.746988857767818,3.356278589116192,688.6811529393324,1490000,0.7680367788771401,5.367172387963295,-8.151313477047772,-8.56191328329751,11.821601857269892,0,0,0,0,0,7,7,1,1
435,2013,7,22,15,41475.625,82.2643663515339,-2.4895529219991563,358,325,1006.4582934520943,1014.4582934520943,8.0,11.126364306562778,3.3751432569746247,712.2544356516262,1593750,-0.05371583959480631,-0.37557207996706815,0.3702728140311909,-8.307889980877308,8.316137197712177,0,0,0,0,0,10,10,1,1
435,2013,7,22,18,41475.75,82.04649639714997,-0.8069294551023745,359,324,1006.8886192659521,1012.8886192659521,6.0,10.564014588436269,2.8186845277709653,505.61114242207606,803125,0.43032581385792584,3.0103421265930006,8.629299205095313,-8.075344531925541,11.818459886142456,0,0,0,0,0,8,8,1,1
435,2013,7,22,21,41475.875,82.04649639714997,0.8069294551023745,360,324,1007.8452601843564,1011.8452601843564,4.0,9.27685175629871,2.35463356948334,444.9145541230864,621875,0.9566409184043004,6.692176866819029,8.276664973909241,0.0,8.276664973909241,0,0,0,0,0,4,4,1,2
435,2013,7,23,0,41476.0,83.88145483940708,34.56252464888182,375,337,1008.5920004521408,1010.5920004521408,2.0,8.86627678091891,2.5880915378288045,336.1547405514991,355000,-0.1316913543548435,-0.91761164401441,12.91471076824834,20.93395695905751,24.597160571724167,0,0,0,0,2,7,7,1,1
435,2013,7,23,3,41476.125,84.28000805930814,40.236358309273825,376,340,1007.9888411863536,1009.9888411863536,2.0,8.73630047978076,1.9172417440995924,293.5006183102318,270625,-0.6031592657871079,-4.199720996648948,20.95153046096353,14.77236535028326,25.63570569925728,0,0,0,0,0,7,7,1,1
435,2013,7,23,6,41476.25,84.4582587048865,45.0,377,342,1007.7108313805029,1007.7108313805029,0.0,8.295191233214833,1.4757865726377348,14.104739588693906,625,-0.27800980585074286,-1.935153130938167,17.046104248760976,6.606855819810663,18.281690673550766,0,0,0,0,0,7,7,1,1
435,2013,7,23,9,41476.375,84.4582587048865,45.0,377,342,,,,8.295191233214833,,0.0,0,0.0,,0.0,0.0,0.0,0,3,0,0,0,7,7,0,0
439,2013,7,22,9,41475.375,55.409698700894765,-44.46703137734575,253,251,999.8453034952581,999.8453034952581,0.0,9.564445679978327,5.230975119392096,14.104739588693906,625,,,,,,3,0,0,0,0,4,4,1,1
439,2013,7,22,12,41475.5,55.386502060643444,-42.869047112895075,256,248,1000.4101285902092,1000.4101285902092,0.0,9.668095752926483,6.261284832550372,14.104739588693906,625,0.5648250949510839,4.754812663850006,33.643703863326145,-0.8597829037152988,33.654688176904976,0,0,0,0,0,3,3,1,1
439,2013,7,22,15,41475.625,55.35559417224975,-41.80541053488957,258,246,1002.1744481962413,1004.1744481962413,2.0,8.554462218686151,6.309418595545285,193.39444569737623,117500,1.764319606032077,14.857935857573846,22.411406801246045,-1.1456001275581187,22.44066742463777,0,0,0,0,0,5,5,1,1
439,2013,7,22,18,41475.75,55.31236326724167,-40.743973274516335,260,244,1003.3366572737945,1005.3366572737945,2.0,7.851674294985607,5.470873100517565,231.33492951703124,168125,1.162209077553125,9.792466495463424,22.389481810439282,-1.6023524370506053,22.446746514194736,0,0,0,0,0,3,3,1,1
439,2013,7,22,21,41475.875,54.26135055554181,-37.49066892618267,264,235,1004.3859682228278,1006.3859682228278,2.0,8.21255150310179,3.7579676614754134,282.79914940409105,251250,1.049310949033388,8.956426858613952,70.42533238782747,-38.955760459988376,80.48154269739102,0,0,0,0,0,0,0,1,1
439,2013,7,23,0,41476.0,53.34795131078545,-35.12339882578616,267,228,1005.3132392742447,1008.8222804523253,3.5090411780806607,7.828875474827083,3.9596060386735186,736.5591709187377,1704375,0.9272710514169011,8.00762596774317,52.376015812360826,-33.85512067262649,62.365184423160116,0,0,0,0,0,1,0,2,0
439,2013,7,23,3,41476.125,49.165703419751,-28.648921807992508,274,203,1004.1209094802497,1010.1209094802497,6.0,8.52363495575023,7.623984316345814,886.3569189877002,2468125,-0.7013709720756742,-6.422437605439747,46.62684180331969,-21.05684926668307,51.161052350314414,0,0,0,0,2,1,1,1,2
439,2013,7,23,6,41476.25,48.977763882483224,-27.065750611470456,278,200,1003.5748147414788,1009.5748147414788,6.0,8.765063082319255,8.138658660027723,866.9539888318617,2361250,-0.5460947387709166,-5.0148196759823405,38.514163106991646,-6.965974353367571,39.13905413424973,0,0,0,0,0,0,0,1,2
439,2013,7,23,9,41476.375,48.54016391134972,-25.36123792359581,282,196,1003.9871629433759,1011.7736145971528,7.786451653776894,9.002489234627452,7.15307958105339,1008.0695966260224,3192500,0.41234820189711174,3.8120573724460662,41.828778884994655,-16.219632229950232,44.863383874654566,0,0,0,0,0,1,2,2,0
439,2013,7,23,12,41476.5,48.50430873858829,-23.946426238942625,286,194,1004.2066508796669,1011.7791042883562,7.572453408689325,9.047903150432253,7.825291702459798,1000.7409651881707,3146250,0.21948793629097055,2.0302346646647487,34.744320259030104,-1.3289711016780563,34.76972755790797,0,0,0,0,0,1,2,2,0
439,2013,7,23,15,41476.625,48.40086759613672,-21.830716787894573,292,191,1004.2229029249937,1011.6149643299368,7.392061404943088,9.231095389472337,8.542937256545702,980.6598511373744,3021250,0.016252045326837106,0.1505700009517208,52.061700968017654,-3.8340434156442424,52.20268763767183,0,0,0,0,0,1,2,2,0
439,2013,7,23,18,41476.75,48.524225182323036,-20.537520881556723,296,190,1004.2140685471727,1011.1706906493087,6.956622102136025,9.0419700658515,7.270869024940403,945.4384956938538,2808125,-0.008834377821040107,-0.08169172332118733,31.745326537934783,4.572245915678983,32.072904291840324,0,0,0,0,0,1,2,2,0
439,2013,7,23,21,41476.875,48.70382297697484,-17.93236715620098,304,188,1004.5818103386596,1013.0460340550159,8.464223716356354,9.078798662398109,7.199720986078464,1068.893609168351,3589375,0.3677417914869147,3.3911382455277455,63.721794918254695,6.656787867277691,64.06855681466568,0,0,0,0,0,0,1,2,0
439,2013,7,24,0,41477.0,49.19126382267927,-15.790841186548262,311,188,1004.6755228126052,1012.972940877136,8.297418064530794,8.98648007127328,7.79355734536548,1020.6219194865721,3272500,0.09371247394563398,0.857792305973708,51.873088707124,18.066983027221536,54.929347417596965,0,0,0,0,0,0,1,2,0
439,2013,7,24,3,41477.125,55.536746495679665,-17.478114533725975,314,215,1002.0694714944448,1014.0694714944448,12.0,11.04185344151175,1.391177312390646,1160.7095214879967,4232500,-0.9034693826912553,-7.5918749102875545,-4.70566529999693,16.644005764616526,17.296421994394777,0,0,0,0,2,0,0,1,1
439,2013,7,24,6,41477.25,55.61596964437421,-18.315083350275604,312,216,1001.4750344902953,1015.4750344902953,14.0,11.986174417084015,2.6173405563396956,1267.152095100805,5044375,-0.5944370041493676,-4.990337349127458,-17.519294397986844,2.9364040692136704,17.763674874896463,0,0,0,0,0,0,0,1,1
439,2013,7,24,9,41477.375,55.39268651212678,-18.196714106410756,312,215,1001.5829620886248,1015.5829620886248,14.0,12.541811836295736,3.632464089662899,1219.631865307162,4673125,0.10792759832940646,0.9084888230385338,2.4917916852962785,-8.275983837073387,8.64297022292751,0,0,0,0,0,0,0,1,1
439,2013,7,24,12,41477.5,55.39268651212678,-18.196714106410756,312,215,1001.8199357180046,1013.8199357180046,12.0,12.785925229092248,3.526658791656227,1023.1527931775105,3288750,0.2369736293797905,1.9947436705608341,0.0,0.0,0.0,0,0,0,1,0,0,0,1,2
439,2013,7,24,15,41477.625,56.942959604727776,-22.422973009968512,304,225,1001.9682681603476,1011.9682681603476,10.0,14.08430170082396,2.665897422140042,836.8283871884005,2200000,0.1483324423430895,1.2261580313803693,-85.43276378278308,57.46083427026692,102.95875194756341,0,0,1,0,0,0,0,1,1
439,2013,7,24,18,41477.75,56.07423033357207,-21.837063358235785,304,221,1002.0607097096141,1012.0607097096141,10.0,14.12437309182715,1.90944838879077,850.9729672957443,2275000,0.0924415492665139,0.7718530669583039,12.120467724847794,-32.199429193380105,34.40507198435393,0,0,0,0,0,0,0,1,1
439,2013,7,24,21,41477.875,55.332428944362164,-21.766494329483542,303,218,1002.718919121162,1014.718919121162,12.0,14.356900367647155,2.1292492262004816,1048.599882264981,3454375,0.6582094115478685,5.5445549398109994,1.4878124792907033,-27.494850352675677,27.535075483636557,0,0,0,0,0,2,2,1,1
439,2013,7,25,0,41478.0,54.89480819123119,-21.490959775807546,303,216,1002.9305279700076,1014.9305279700076,12.0,14.80460255001841,2.3412565365350018,1018.4754987732538,3258750,0.21160884884549888,1.7920466841602825,5.873098811908105,-16.220402514178193,17.250934681239585,0,0,0,0,0,1,1,1,1
439,2013,7,25,3,41478.125,54.235792411722755,-21.089907699899115,303,213,1002.5485438406296,1014.5485438406296,12.0,15.014658663623928,2.6233167352372404,1004.0157472909934,3166875,-0.38198412937796095,-3.261484879854897,8.687842306455668,-24.42640375334925,25.925427754686616,0,0,0,0,0,2,2,1,1
439,2013,7,25,6,41478.25,53.7382719676261,-20.029250763880142,305,210,1002.3351490626914,1014.3351490626914,12.0,14.642121981053878,2.5602144558541475,975.5749892701914,2990000,-0.2133947779382288,-1.8335597277449012,23.25256151446223,-18.440583095165294,29.6772087951941,0,0,0,0,0,2,2,1,1
439,2013,7,25,9,41478.375,53.434873666357944,-20.242499756815462,304,209,1002.397259472697,1014.397259472697,12.0,14.972886595179164,2.3586813448680912,961.7115799670797,2905625,0.06211041000569821,0.5357621240042267,-4.708737482837878,-11.245450617865302,12.191487533567406,0,0,0,0,0,0,0,1,1
439,2013,7,25,12,41478.5,52.76756020010526,-19.878141850895634,304,206,1002.3515224163889,1014.3515224163889,12.0,15.088742228779243,1.6001756829652003,947.4354220939227,2820000,-0.045737056308134925,-0.3979912145718972,8.171141203361342,-24.733957309631354,26.048727277161465,0,0,0,0,0,1,1,1,1
439,2013,7,25,15,41478.625,51.87330394876414,-19.411486858683578,304,202,1002.4212432155779,1012.4212432155779,10.0,14.939116197178244,2.3093645179684974,798.7567703122369,2004375,0.06972079918894451,0.6140487370555806,10.678918019118607,-33.14558608977126,34.82339970901023,0,0,0,0,0,2,2,1,1
439,2013,7,25,18,41478.75,51.42426801811812,-19.185974077996832,304,200,1002.253933863362,1012.253933863362,10.0,14.658268793193997,2.6622838688617048,802.608019000836,2023750,-0.16730935221581603,-1.4827013978099608,5.212006649815911,-16.64350578965166,17.44050739766173,0,0,0,0,0,1,1,1,1
439,2013,7,25,21,41478.875,50.973971920175586,-18.965450139595823,304,198,1002.3440319641054,1014.3440319641054,12.0,14.613552414897997,3.1834127103285565,1129.5245958191463,4008125,0.09009810074334382,0.8035140894965431,5.146768320780892,-16.690213859683887,17.465751138435984,0,0,0,0,0,3,3,1,1
439,2013,7,26,0,41479.0,50.219171440937956,-18.95580519742397,303,195,1002.2893754220452,1012.2893754220452,10.0,14.521822291430812,3.827086231075664,792.0034213694613,1970625,-0.05465654206025647,-0.4927427223659485,0.2287406124271227,-27.976661306701985,27.97759639671874,0,0,0,0,0,1,1,1,1
439,2013,7,26,3,41479.125,49.53965064095964,-18.639941792646887,303,192,1001.4766363074159,1013.4766363074159,12.0,14.433791683279056,3.9904168534557543,1058.3255227051898,3518750,-0.8127391146292211,-7.4006480910896855,7.597224960708685,-25.1864218356798,26.307293133053868,0,0,0,0,0,1,1,1,1
439,2013,7,26,6,41479.25,48.85731471656117,-18.334076075887662,303,189,1001.1257446550864,1011.1257446550864,10.0,14.208021181105389,5.491154925986921,790.4948420543642,1963125,-0.350891652329592,-3.228169460835419,7.458958406222071,-25.2907643534789,26.367761036708252,0,0,0,0,0,0,0,1,1
439,2013,7,26,9,41479.375,48.62924649201904,-18.234263901010596,303,188,1001.2727691845207,1011.2727691845207,10.0,14.155964447137123,4.954242645767226,782.1456466090397,1921875,0.1470245294344204,1.3573426685842716,2.4451299178987913,-8.453343165971983,8.79986766929418,0,0,0,0,0,0,0,1,1
439,2013,7,26,12,41479.5,48.2460943383997,-17.738680222850068,304,186,1001.5463316106485,1011.5463316106485,10.0,13.495691372028663,5.144946440800996,820.866761609527,2116875,0.27356242612775533,2.5405705660053215,12.232358008612215,-14.201525205135656,18.74336951038854,0,0,0,0,0,0,0,1,1
439,2013,7,26,15,41479.625,47.94317934395713,-17.941031924303257,303,185,1000.9719961078372,1010.9719961078372,10.0,13.587359268591534,4.980322361837389,814.6631897251793,2085000,-0.5743355028113001,-5.359212879674552,-5.024110766169607,-11.227536862193151,12.300376944738213,0,0,0,0,0,0,0,1,1
439,2013,7,26,18,41479.75,47.55720502726944,-17.455629168582522,304,183,1000.5512619797494,1010.5512619797494,10.0,13.118284430655745,3.9366278451195105,841.2149937574459,2223125,-0.4207341280877881,-3.9500313873950454,12.141572043148013,-14.306128610257034,18.763877197748023,0,0,0,0,0,0,0,1,1
439,2013,7,26,21,41479.875,47.0964170952239,-17.271742577680875,304,181,1000.3953841360794,1010.3953841360794,10.0,12.82249754075997,3.464019114336115,845.5788442483289,2246250,-0.15587784367002314,-1.474338422168621,4.63993576246476,-17.079093434167117,17.69814782435749,0,0,0,0,0,0,0,1,1
439,2013,7,27,0,41480.0,46.63440755320167,-17.091575420524176,304,179,999.6468264926854,1009.6468264926854,10.0,13.041779998294855,3.6224000678593438,842.7508134363225,2231250,-0.748557643394015,-7.133770466249952,4.585380127950946,-17.12437237808292,17.727657495028968,0,0,0,0,0,0,0,1,1
439,2013,7,27,3,41480.125,46.24111447302264,-16.627210352518393,305,177,998.5656241950945,1008.5656241950945,10.0,12.734870826972111,2.86761934260634,859.3479713983122,2320000,-1.0812022975907893,-10.371366749023434,11.904012363593443,-14.57739840010635,18.820362761328717,0,0,0,0,0,0,0,1,1
439,2013,7,27,6,41480.25,46.07721662890073,-16.25420954463047,306,176,998.0252533915165,1008.0252533915165,10.0,12.605597165230543,2.596591231133207,974.8609921098906,2985625,-0.5403708035781165,-5.197732875527865,9.590416317075338,-6.074869584778964,11.352538289162359,0,0,0,0,0,0,0,1,1
439,2013,7,27,9,41480.375,45.97708198377273,-15.59616098191663,308,175,998.3269122806421,1006.3269122806421,8.0,12.037300979689537,2.2239653365098637,734.3952024643546,1694375,0.30165888912568334,2.9065010110928995,16.950070840809218,-3.7114881731956886,17.351658306001255,0,0,0,0,0,0,0,1,1
439,2013,7,27,12,41480.5,45.870805376848594,-14.94102895115812,310,174,998.6620595513771,1004.6620595513771,6.0,11.303997429668392,2.9625373609342205,635.026642794686,1266875,0.3351472707348876,3.23496830928536,16.90730525268059,-3.93913983698738,17.360120781914553,0,0,0,0,0,0,0,1,1
439,2013,7,27,15,41480.625,45.99354753930261,-14.362814988812643,312,174,998.4294125838908,1002.4294125838908,4.0,11.086448982669575,3.1264934766927768,477.48241431401436,716250,-0.23264696748621647,-2.2409448086994557,14.88926477886501,4.549435250089513,15.568801069764723,0,0,0,0,0,0,0,1,1
439,2013,7,27,18,41480.75,46.40422089840508,-13.560315031767395,315,175,998.0394961037117,1002.0394961037117,4.0,10.622044206957158,3.010210070181711,540.7838828324655,918750,-0.3899164801790903,-3.7300967732977655,20.510811122041464,15.221598013424504,25.54193451887207,0,0,0,0,0,0,0,1,1
439,2013,7,27,21,41480.875,46.56909013715309,-12.67668865855525,318,175,998.2603124593246,1000.2603124593246,2.0,10.554863210008733,3.3890870706590066,202.93186424272537,129375,0.22081635561291477,2.1066543384808902,22.51592513386148,6.110874302843399,23.330445117459867,0,0,0,0,0,0,0,1,1
439,2013,7,28,0,41481.0,46.95959258767416,-11.849311953577628,321,176,999.1090937086587,999.1090937086587,0.0,9.857036397035525,2.5445439888662804,14.104739588693906,625,0.8487812493341335,8.045902159793913,20.930352266643453,14.473963780069974,25.447500339179964,0,0,0,0,0,1,1,1,1
439,2013,7,28,3,41481.125,47.57676289218068,-11.06689775129983,324,178,998.6255466273245,1005.3969725584321,6.77142593110766,9.47600668526985,2.36351558087641,1132.602684669552,4030000,-0.48354708133425445,-4.538329742973245,19.56348018342421,22.875402245601077,30.10006287012176,0,0,2,0,0,1,4,2,0
439,2013,7,28,6,41481.25,47.98916166178837,-9.899293660202588,328,179,998.6310525481807,998.6310525481807,0.0,9.2976408151482,2.2273721411153384,14.104739588693906,625,0.005505920856230659,0.051339437981662954,28.963917067954696,15.285550311611257,32.74990901129584,0,0,0,2,0,1,1,1,1
439,2013,7,28,9,41481.375,48.81990004784923,-9.121747740195659,331,182,999.5782751424848,999.5782751424848,0.0,8.437506825216706,1.7376529552209832,14.104739588693906,625,0.9472225943040393,8.719333141433106,18.975631064489168,30.791297966285416,36.16875177199483,0,0,0,0,0,1,1,1,1
439,2013,7,28,12,41481.5,48.81990004784923,-9.121747740195659,331,182,,,,8.437506825216706,,0.0,0,0.0,,0.0,0.0,0.0,0,3,0,0,0,1,1,0,0
443,2013,7,22,0,41475.0,78.20055352482362,-176.18592516570965,356,412,1006.5827737753663,1006.5827737753663,0.0,8.920516151378164,1.0096727164816548,14.104739588693906,625,,,,,,3,0,0,0,0,13,13,1,1
443,2013,7,22,3,41475.125,78.60970891969319,-173.78436410029735,354,410,1006.1717945179445,1006.1717945179445,0.0,9.363492571116186,1.1808083669216285,14.104739588693906,625,-0.41097925742171354,-2.9045540148501265,17.57820843696354,15.165334706249123,23.2159597821391,0,0,0,0,0,11,11,1,1
443,2013,7,22,6,41475.25,79.07997724183848,-174.6990734834743,355,408,1005.3988785563921,1007.3988785563921,2.0,10.095717902661793,1.6501703400524272,407.8197095911754,522500,-0.7729159615523531,-5.453670819441853,-6.422599741770074,17.430483861401836,18.576101719294467,0,0,2,0,0,9,9,1,2
443,2013,7,22,9,41475.375,79.50370062352418,-173.2544203525172,354,406,1005.0625576442269,1007.0625576442269,2.0,10.406864060133598,2.0579668501907147,384.20854977177817,463750,-0.3363209121652471,-2.3697534834972713,9.754339098168924,15.705296781375123,18.487927905342413,0,0,0,0,0,12,12,1,2
443,2013,7,22,12,41475.5,80.01038171748087,-176.7845160082518,357,404,1003.9728989713283,1005.9728989713283,2.0,11.152254082465939,2.3249017908654057,329.2784611561371,340625,-1.0896586728986586,-7.665593255628097,-22.69380262515607,18.780122358233417,29.456776357567698,0,0,0,0,0,12,12,1,1
443,2013,7,22,15,41475.625,80.46961399926863,-177.978635059644,358,402,1002.8526222780265,1004.8526222780265,2.0,11.770835255857168,2.2941469707890065,284.9017742606504,255000,-1.1202766933017119,-7.870128654664288,-7.328026677278439,17.02143329540097,18.531841959521703,0,0,0,0,0,14,14,1,1
443,2013,7,22,18,41475.75,80.918571502196,177.87890360333856,361,400,1002.031537663188,1010.031537663188,8.0,12.092833407831067,1.8705975421664336,800.2497749240632,2011875,-0.8210846148384735,-5.760853265556121,24.229336712291616,16.64059886817762,29.3933715012279,0,0,2,0,0,14,14,1,2
443,2013,7,22,21,41475.875,81.11462358775832,174.93638314696992,363,399,1000.6202277030901,1010.6202277030901,10.0,13.15555627566325,2.2907082697747683,859.463716293631,2320625,-1.411309960098006,-9.896608250358545,-16.84409402754042,7.2666657575381315,18.34469773096303,0,0,0,0,0,11,11,1,2
443,2013,7,23,0,41476.0,81.50834039152137,171.6561084159669,365,397,999.595360292877,1011.595360292877,12.0,13.940534435566253,1.927992235785132,943.4373425095197,2796250,-1.0248674102130462,-7.17919254002455,-17.95125360107583,14.593103704387484,23.134523586560967,0,0,0,0,0,10,10,1,1
443,2013,7,23,3,41476.125,81.1657339606672,167.5500034921934,368,398,998.4863418084428,1008.4863418084428,10.0,14.724414961264067,2.57421890985519,790.4948420543642,1963125,-1.1090184844342001,-7.775751434729382,-23.368384673896973,-12.698698982261325,26.5958334727323,0,0,0,0,0,9,9,1,1
443,2013,7,23,6,41476.25,80.8413152630434,165.11373315098245,370,399,997.4163424728351,1007.4163424728351,10.0,15.606986894397854,3.056883141474973,773.3205665620155,1878750,-1.0699993356077175,-7.508901611889326,-14.371983436781985,-12.024571094800546,18.738842491494733,0,0,0,0,0,9,9,1,2
443,2013,7,23,9,41476.375,79.85525372632716,163.96766064606402,372,403,997.3078013712185,1014.5082859756529,17.20048460443446,15.785400553089854,3.8977757911602384,1326.3705938394587,5526875,-0.10854110161657445,-0.7639382802455382,-7.481967038890311,-36.548346747393744,37.306319581791605,0,0,0,0,0,8,7,2,0
443,2013,7,23,12,41476.5,78.98800253767693,165.25643716352928,372,407,997.3763199901219,1016.0624489699559,18.686128979833885,15.574828898363911,4.631630527078451,1539.5502557552486,7446250,0.06851861890347209,0.4836156311174712,9.124286970140362,-32.14464410145667,33.4145291321423,0,0,0,0,0,7,6,2,0
443,2013,7,23,15,41476.625,80.390693509846,-148.34872711328737,337,396,990.574216707928,1016.574216707928,26.0,19.34026892933171,5.253639488207045,1635.115928692818,8399375,-3.4882322620278865,-24.511098822001507,1.5580349606742192,18.55534311666168,18.620639922293947,0,0,0,0,2,7,7,1,1
443,2013,7,23,18,41476.75,80.5812023984904,-147.63336193527502,337,395,987.3046586827928,1015.3046586827928,28.0,22.16784270141919,6.354918993282553,1510.7881478276972,7170625,-3.269558025135193,-22.961720340967613,4.3391412859452,7.061207299317102,8.287870391320276,0,0,0,0,0,8,8,1,1
443,2013,7,23,21,41476.875,81.00766962721146,-149.2810957359708,339,394,984.2336482024376,1014.2336482024376,30.0,24.784564836375456,6.840745934342558,1445.0303987687134,6560000,-3.0710104803551803,-21.541343521987123,-9.545559785524697,15.806997404648527,18.465613408971596,0,0,0,0,0,7,7,1,1
443,2013,7,24,0,41477.0,81.12028811565193,-150.52411099675425,340,394,981.0545584412025,1015.0545584412025,34.0,27.761202951458618,7.114349368812036,1538.4514771208576,7435625,-3.179089761235082,-22.292565582634108,-7.111613887269211,4.174201520319657,8.246151248542512,0,0,0,0,0,6,6,1,1
443,2013,7,24,3,41477.125,81.03008120065944,-152.47477425625567,341,395,978.9827655980635,1014.9827655980635,36.0,29.7046696677953,6.997031092392208,1541.1001389555477,7461250,-2.0717928431391193,-14.53151745782616,-11.272388261326247,-3.343517098473836,11.757799271201762,0,0,0,0,0,5,5,1,1
443,2013,7,24,6,41477.25,80.83033130669183,-153.12186024790137,341,396,977.5909455075118,1013.5909455075118,36.0,31.185861278587307,6.446941429824584,1386.503793312961,6039375,-1.3918200905516278,-9.767635356507537,-3.8220728087734726,-7.403724935662393,8.332069579553128,0,0,0,0,0,4,4,1,1
443,2013,7,24,9,41477.375,80.32801610185905,-153.13808215559732,340,398,977.0730820465661,1003.0730820465661,26.0,31.755747412631298,6.483839133194051,826.42219811855,2145625,-0.5178634609456639,-3.6395974951839447,-0.10101688993787189,-18.618300784608888,18.61857482511002,0,0,0,0,0,5,5,1,1
443,2013,7,24,12,41477.5,79.92001997158607,-151.44037952168017,338,399,977.1095508629336,1003.1095508629336,26.0,31.57410379554016,7.78173900764028,842.3966420344922,2229375,0.036468816367414544,0.25662452604053243,11.01296751007889,-15.122366592322988,18.707523212083945,0,0,0,0,0,6,6,1,1
443,2013,7,24,15,41477.625,79.50370062352418,-149.87568200163878,336,400,976.7822273873971,1002.7822273873971,26.0,31.60432477228309,8.178811166858068,843.9303113031499,2237500,-0.32732347553639557,-2.3063565729201176,10.56483539822656,-15.430866456150737,18.700999614437162,0,0,0,0,0,5,5,1,1
443,2013,7,24,18,41477.75,79.27095747160506,-147.80426606528675,334,400,977.6595475382669,1001.6595475382669,24.0,30.45401168529143,8.715608048886933,808.4120144277268,2053125,0.8773201508697821,6.186399485917709,14.292409601578145,-8.626619234889617,16.69405677608204,0,0,0,0,0,5,5,1,1
443,2013,7,24,21,41477.875,79.07997724183848,-144.18883607735876,331,399,978.6173761388092,1012.6173761388092,34.0,29.703396301696753,9.172470788650026,1375.4110085083807,5943125,0.9578286005422706,6.7584086092785185,25.38181393239496,-7.07867754648551,26.35041089444028,0,0,0,0,0,5,5,1,1
443,2013,7,25,0,41478.0,78.81079746620198,-142.32640666016957,329,399,979.6533267390402,997.6533267390402,18.0,28.439747069423728,8.63480009517196,649.8903216929125,1326875,1.0359506002310082,7.316347314841725,13.39484325644053,-9.977141802033426,16.70225087832455,0,0,0,0,0,6,6,1,1
443,2013,7,25,3,41478.125,78.72546205779275,-138.2245226065199,326,397,980.5694544578516,996.5694544578516,16.0,27.245184449067214,7.246782462270277,595.0796151604146,1112500,0.9161277188114764,6.472018364095881,29.718550930781895,-3.1629548260822817,29.88639410596927,0,0,0,0,0,6,6,1,1
443,2013,7,25,6,41478.25,78.58316097044938,-135.79572355273928,324,396,981.038355792095,1013.038355792095,32.0,27.018595118962647,7.01468221891766,1406.8726527396086,6218125,0.46890133424327357,3.3142221140659145,17.818434264034323,-5.274386322862248,18.58267340036166,0,0,0,0,0,5,5,1,1
443,2013,7,25,9,41478.375,78.72546205779275,-131.77547739348012,322,393,981.4949359389196,997.4949359389196,16.0,26.526896095342902,5.7482804641025,588.186243927897,1086875,0.4565801468247082,3.2255274393014988,29.127312197913803,5.274386322862248,29.60100449237381,0,0,0,0,0,6,6,1,1
443,2013,7,25,12,41478.5,78.8469207923299,-129.28940686250036,321,391,982.3059178506985,1012.3059178506985,30.0,25.738482828174238,4.933604751645398,1351.5549782887963,5738750,0.8109819117787993,5.726804566190591,17.822571119048128,4.501865025733177,18.382351046681926,0,0,2,0,0,8,8,1,2
443,2013,7,25,15,41478.625,78.94686031128244,-126.75367918553147,320,389,982.8158071656353,1012.8158071656353,30.0,25.255570679850294,4.517356532502527,1423.600806615542,6366875,0.5098893149368814,3.59938615679406,18.01764820023967,3.7042558262733896,18.394487160398906,0,0,0,0,0,11,11,1,1
443,2013,7,25,18,41478.75,78.96055757770547,-122.56043798115347,318,386,983.985902152239,1011.985902152239,28.0,24.03781633370307,4.1500175939984185,1362.4039503059398,5831250,1.1700949866036536,8.259492842399025,29.754610642211418,0.5076888450465974,29.758941554312475,0,0,0,0,0,8,8,1,1
443,2013,7,25,21,41478.875,79.30861455195232,-119.52136183458165,318,383,984.9193615521558,1010.9193615521558,26.0,23.133046096036423,3.982949438604919,1272.7915685596874,5089375,0.9334593999167555,6.581445714912095,20.895089802652627,12.900723239835203,24.556739155916894,0,0,0,0,0,13,13,1,1
443,2013,7,26,0,41479.0,80.312409464728,-119.82708465447475,322,381,985.1403971703897,1009.1403971703897,24.0,22.604167335293464,2.9796345275383644,1130.756836841818,4016875,0.22103561823401832,1.553533162834462,-1.9068343202474183,37.20563389742458,37.25446564955754,0,0,0,0,0,10,10,1,1
443,2013,7,26,3,41479.125,80.52790272817788,-117.47443162627712,322,379,985.1538823234537,1009.1538823234537,24.0,22.28693617511503,2.52533003769684,1146.5687201119065,4130000,0.013485153063957114,0.09471929699912776,14.34945417739313,7.987252540568493,16.42263798346426,0,0,0,0,0,10,10,1,1
443,2013,7,26,6,41479.25,80.7266265936,-115.01689347810004,322,377,985.4918559695267,1007.4918559695267,22.0,21.592701184842873,3.345411562845911,1049.7376039908784,3461875,0.33797364607293273,2.3725577502143977,14.677392446860605,7.365695212712087,16.421915692321967,0,0,0,0,0,11,11,1,1
443,2013,7,26,9,41479.375,81.02447310741768,-114.32557523912612,323,376,985.8933058135699,1005.8933058135699,20.0,20.951533868420984,4.237377864917289,967.6920462714052,2941875,0.40144984404323625,2.8158054487875166,3.9975947189145566,11.039673751764395,11.741173709731463,0,0,0,0,0,8,8,1,1
443,2013,7,26,12,41479.5,80.81936037065809,-113.74949449286676,322,376,987.1068919519616,1005.1068919519616,18.0,19.4902723054442,2.7254719964454854,946.3849334439137,2813750,1.2135861383916926,8.517073127147295,3.406713677025256,-7.6024985726156435,8.330887265102909,0,0,0,0,0,9,9,1,2
443,2013,7,26,15,41479.625,80.81936037065809,-113.74949449286676,322,376,987.2361966400346,1005.2361966400346,18.0,19.18622392378705,2.5955486672838743,970.5659789139302,2959375,0.1293046880730253,0.907473684118067,0.0,0.0,0.0,0,0,0,0,0,11,11,1,2
443,2013,7,26,18,41479.75,81.11462358775832,-113.00887008282288,323,375,988.106989727357,1006.106989727357,18.0,18.31792196059467,2.8290426951237166,1049.168897346524,3458125,0.8707930873223814,6.106311367455675,4.240038758866975,10.943923922098692,11.736583808305474,0,0,0,0,0,16,16,1,3
443,2013,7,26,21,41479.875,81.11462358775832,-113.00887008282288,323,375,989.3664525655356,1007.3664525655356,18.0,17.779044220665824,2.6923116935604776,1146.9156920430182,4132500,1.259462838178588,8.831802132589381,0.0,0.0,0.0,0,0,0,0,0,13,13,1,4
443,2013,7,27,0,41480.0,80.61332604762175,-113.1985905136482,321,376,991.0267957505172,999.0267957505172,8.0,16.95008733813175,2.9209829469197577,407.8197095911754,522500,1.6603431849816115,11.659311781847794,-1.1468913089671875,-18.58058106752759,18.615943502319436,0,0,0,2,0,14,14,1,1
443,2013,7,27,3,41480.125,80.40642619135289,-112.67134362198085,320,376,991.8771803373057,999.8771803373057,8.0,16.80897356981139,3.2450036868955796,417.2238236327841,546875,0.8503845867885684,5.975202022785905,3.256888075106126,-7.668738113528452,8.331678353588334,0,0,0,0,0,12,12,1,1
443,2013,7,27,6,41480.25,80.28127060160331,-110.94265054998827,319,375,993.3881146490503,999.3881146490503,6.0,16.015192872646384,3.379873352152427,331.9861414142728,346250,1.510934311744495,10.620481530068803,10.816029381417781,-4.638888873787313,11.76884792845249,0,0,0,0,0,10,10,1,1
443,2013,7,27,9,41480.375,79.86022122306716,-110.03721016919299,317,375,994.6812213238742,1000.6812213238742,6.0,15.904963412324276,3.0288290611918636,344.0515788724086,371875,1.293106674823939,9.101053459603762,5.908207092638054,-15.606184920021228,16.687118349415414,0,0,0,0,0,13,13,1,1
443,2013,7,27,12,41480.5,79.29447781963184,-107.67610869865347,314,374,995.8031088526919,1001.8031088526919,6.0,15.37254781011598,3.515703803838915,343.7623383178156,371250,1.1218875288177514,7.9103451705438195,16.255636748707992,-20.969265414877924,26.532165726633423,0,0,0,0,0,12,12,1,1
443,2013,7,27,15,41480.625,78.82433021792603,-103.3392489033634,311,371,996.6643287053428,1002.6643287053428,6.0,14.593430253008364,2.615789255707787,352.6184897173477,390625,0.8612198526508291,6.082036496031363,31.148197776343096,-17.426009361263876,35.691399902119855,0,0,0,0,0,12,12,1,1
443,2013,7,27,18,41480.75,78.6986460484949,-100.86405992208773,310,369,997.423378309594,1003.423378309594,6.0,14.09397542275096,4.9163191290631225,354.86807227681413,395625,0.7590496042511949,5.362835144002435,17.977433261394594,-4.6584806667596705,18.571202136384986,0,0,0,0,0,8,8,1,1
443,2013,7,27,21,41480.875,78.7388936737038,-99.74364128703716,310,368,998.252771168362,1004.252771168362,6.0,13.803915620309448,5.616045269493697,365.90858950844125,420625,0.8293928587679693,5.859003060268741,8.109538145040037,1.491777244241114,8.245605391497644,0,0,0,0,0,9,9,1,1
443,2013,7,28,0,41481.0,78.58316097044938,-97.33437880141672,309,366,998.5655415994125,1004.5655415994125,6.0,13.641206187595424,7.312685858169715,369.9638510165959,430000,0.3127704310505942,2.210679739025881,17.67512822575412,-5.772228838178282,18.593783465372155,0,0,0,0,0,9,9,1,1
443,2013,7,28,3,41481.125,78.35991289706514,-97.19347005529553,308,366,999.714173473775,1005.714173473775,6.0,12.779455321841176,7.148347947124202,473.92764578407673,705625,1.1486318743624724,8.125052243744143,1.0537645709361048,-8.274684381166669,8.341511936027171,0,0,0,0,0,11,11,1,1
443,2013,7,28,6,41481.25,78.16210991249469,-95.98059952476346,307,365,1001.1363081310053,1005.1363081310053,4.0,11.585017446240432,6.55221056420618,411.7037944844188,532500,1.4221346572303446,10.066942257007572,9.222057245767102,-7.3315627864618,11.781262781893842,0,0,0,0,0,10,10,1,1
443,2013,7,28,9,41481.375,79.79583025528684,-88.11181199325907,314,358,1002.555508912824,1004.521469148369,1.9659602355449168,9.328932811509373,4.181680715509792,328.37093955580036,338750,1.4192007818186538,9.990534544384992,51.62946617610437,60.5538045581658,79.57615864125414,0,0,0,0,0,10,8,2,0
443,2013,7,28,12,41481.5,81.56777743691786,-70.60218755144177,324,347,1002.2729601107566,1004.2729601107566,2.0,7.684400134590202,11.005273773283333,245.92453796829673,190000,-0.28254880206746746,-1.9789479086983681,94.80601223474162,65.67717895983105,115.3328738563973,0,0,1,0,0,9,9,1,1
443,2013,7,28,15,41481.625,81.77916395817859,-70.08359400619092,325,347,,,,7.73814476884956,,0.0,0,0.005415784901852021,,2.7484737162540775,7.835036241744802,8.303125958239704,0,2,2,0,0,9,10,0,0
454,2013,7,21,3,41474.125,54.925364239729504,39.73415968822089,458,241,1002.1230498754179,1006.1230498754179,4.0,7.973043330201182,4.860239902514804,410.2515719892848,528750,,,,,,3,0,0,0,0,2,2,1,1
454,2013,7,21,6,41474.25,55.73744243512341,39.34292929393167,455,243,1000.0510296248834,1006.0510296248834,6.0,9.953862450990544,11.239811865238517,478.93847384731384,720625,-2.0720202505345515,-17.369584245054142,-8.163819326693405,30.099658455490427,31.187134929904495,0,0,0,0,0,2,2,1,1
454,2013,7,21,9,41474.375,56.216080335136446,38.99099404250548,453,244,999.5315828925891,1005.5315828925891,6.0,10.06343761437424,10.685739080602943,508.9446628878818,813750,-0.5194467322943092,-4.3299926466754,-7.253531904077309,17.740702060418325,19.16627858192608,0,0,0,0,0,1,1,1,1
454,2013,7,21,12,41474.5,56.69272522109238,38.629283068105984,451,245,1000.2090731044648,1002.2090731044648,2.0,9.079880798491269,8.277297696551322,209.6820283885486,138125,0.6774902118757018,5.616343714763291,-7.362057892220033,17.666831043124855,19.13940478475544,0,0,0,0,0,5,5,1,1
454,2013,7,21,15,41474.625,57.16733649129889,38.25741339328722,449,246,999.6252276523962,1001.6252276523962,2.0,9.540896306376231,7.283478268868203,238.53279052439012,178750,-0.5838454520684899,-4.813999566101473,-7.473143096177618,17.59145512509781,19.11301025883357,0,0,0,0,0,5,5,1,1
454,2013,7,21,18,41474.75,57.3117142299297,37.944813938903316,448,246,999.6390088640028,1001.6390088640028,2.0,10.11144840604933,4.817243374299069,243.89374731754785,186875,0.013781211606547003,0.11344656335119309,-6.257490616807249,5.351357352053287,8.233663481634741,0,0,0,0,0,3,3,1,1
454,2013,7,21,21,41474.875,57.410995461211414,37.0695337003684,446,245,998.0417657343266,1002.0417657343266,4.0,12.200652426821414,4.627255538403697,408.7941905733129,525000,-1.597243129676208,-13.133878294977354,-17.473565495476223,3.6798564098507196,17.856842787061115,0,0,0,0,0,2,2,1,1
454,2013,7,22,0,41475.0,56.986438560604064,36.04186763713773,445,242,996.6335438737406,1000.6335438737406,4.0,13.869847456166484,6.042693006689952,373.442791983288,438125,-1.4082218605860544,-11.63501829953884,-20.752893238543663,-15.736191139825209,26.044390746560087,0,0,0,0,0,1,1,1,1
454,2013,7,22,3,41475.125,56.93330444320718,35.49191439953908,444,241,995.4799804429756,1001.4799804429756,6.0,15.151036583676435,5.622124108563585,538.0177067238444,909375,-1.153563430764916,-9.536728496012792,-11.121786473821173,-1.9694147620897642,11.294809820196562,0,0,0,0,0,2,2,1,1
454,2013,7,22,6,41475.25,56.684732195566056,34.719871294805415,443,239,995.2616360678803,1001.2616360678803,6.0,15.476376427087729,5.737865140892682,548.817574246135,946250,-0.21834437509533017,-1.8102246574711283,-15.716994257770233,-9.213324280776158,18.21837678832892,0,0,0,0,0,1,1,1,1
454,2013,7,22,9,41475.375,56.62404009494824,34.1769887737929,442,238,995.1477827010374,1001.1477827010374,6.0,15.544789702385094,6.051249464349312,561.892888688358,991875,-0.11385336684295908,-0.9445806813542204,-11.069655218727894,-2.2495512253672385,11.295917287987768,0,0,0,0,0,2,2,1,2
454,2013,7,22,12,41475.5,56.42983706901898,33.95905981967627,442,237,996.1240113721683,998.1240113721683,2.0,14.292813317626692,6.105218062095955,187.12051592547775,110000,0.9762286711309571,8.11742086642461,-4.466531502893414,-7.198130407451807,8.47130362040115,0,0,0,2,0,1,1,1,1
454,2013,7,22,15,41475.625,56.16558526597908,34.59775323489568,444,237,996.0731510935775,998.0731510935775,2.0,13.736843584680814,4.686655291367569,207.2964896828013,135000,-0.05086027859084424,-0.4242102810859791,13.181039331453793,-9.794486618237972,16.42168584440022,0,0,0,0,0,2,2,1,1
454,2013,7,22,18,41475.75,55.97210430473147,34.38034472384487,444,236,996.3545221391142,1002.3545221391142,6.0,13.81126301708736,3.416479556584163,592.063140348983,1101250,0.2813710455367982,2.3521689155021988,-4.509361458825784,-7.171367097682317,8.471295462682429,0,0,0,0,0,2,2,1,1
454,2013,7,22,21,41475.875,55.83895681101722,34.69515353123397,445,236,996.3815351740127,1002.3815351740127,6.0,13.947766572963216,3.2950960444504016,594.2432414299238,1109375,0.027013034898409387,0.22617554591524436,6.552033964085084,-4.935108598821027,8.202709671119766,0,0,0,0,0,1,1,1,1
454,2013,7,23,0,41476.0,55.45148671270283,34.265622206508525,445,234,995.6073618821094,1003.6073618821094,8.0,14.44652489267244,3.2995772288311134,682.5877935485835,1463750,-0.7741732919032802,-6.512054812385071,-9.028600854575254,-14.36156971967619,16.963794333944193,0,0,0,0,0,2,2,1,1
454,2013,7,23,3,41476.125,54.995730610614494,33.32842178176362,444,231,995.0486935112247,1005.0486935112247,10.0,15.165711955215158,4.247576382413099,789.487521043642,1958125,-0.5586683708846977,-4.725337634741334,-19.926474180226666,-16.89258877984101,26.12324499253587,0,0,0,0,0,3,3,1,1
454,2013,7,23,6,41476.25,54.60111314733514,32.92344361472419,444,229,995.622988924102,1005.622988924102,10.0,14.702657195838077,3.8765605327722734,816.7362825501916,2095625,0.5742954128772544,4.881173752037385,-8.695053691151974,-14.626486627336288,17.015818221633154,0,0,0,0,0,2,2,1,1
454,2013,7,23,9,41476.375,54.33058673934129,32.218666004536594,443,227,996.3931453450663,1002.3931453450663,6.0,14.019374628276786,3.9019121894281854,478.5229089327537,719375,0.7701564209643402,6.567988077007662,-15.23220289837047,-10.027054697430591,18.236277883449535,0,0,0,0,0,3,3,1,1
454,2013,7,23,12,41476.5,54.0543293589633,31.524240844075024,442,225,997.3267657996142,1007.3267657996142,10.0,13.145647657913685,5.089751386399221,957.2536679749978,2878750,0.9336204545479267,7.989772864773947,-15.10910489412317,-10.23947304871641,18.25190014812174,0,0,0,0,0,3,3,1,1
454,2013,7,23,15,41476.625,53.52788389229546,31.455026632054473,443,223,998.6923392390047,1006.6923392390047,8.0,11.388720503216156,4.122652512331406,851.7908175251586,2279375,1.3655734393904277,11.765235949970744,-1.5249682446130917,-19.512688349496756,19.572187787052954,0,0,0,0,0,3,3,1,1
454,2013,7,23,18,41476.75,52.674712983631096,31.504266719204193,445,220,999.8795132943836,1007.8795132943836,8.0,10.37451390923942,3.7677265761748275,905.453974866821,2575625,1.1871740553790004,10.343211175749115,1.1066195137347006,-31.622758868068797,31.642115687422073,0,0,0,0,0,3,3,1,1
454,2013,7,23,21,41476.875,51.97020545777778,32.497571561320264,449,219,1000.8089514419501,1006.8089514419501,6.0,9.46182445864847,4.12463998156978,744.2171739215615,1740000,0.9294381475663976,8.174957569779586,22.681604859134808,-26.11255421926637,34.58786907052896,0,0,0,0,0,2,2,1,1
454,2013,7,24,0,41477.0,51.648944014606464,33.83200558288968,453,220,1001.4942246923528,1007.4942246923528,6.0,8.914925402292784,2.9141976593584697,779.9806215341314,1911250,0.685273250402679,6.054027544533618,30.688894316366156,-11.907547535719942,32.91804858548758,0,0,0,0,0,2,2,1,2
454,2013,7,24,3,41477.125,51.38199889215889,34.39506614682848,455,220,1001.9234190023478,1007.9234190023478,6.0,8.535252114380294,2.676204500513777,797.8845608028654,2000000,0.42919430999507313,3.8057755686397226,13.02535032485998,-9.894314436226638,16.357176078047605,0,0,0,0,0,1,1,1,2
454,2013,7,24,6,41477.25,55.82488531318196,29.72123467033884,434,229,1003.6931347847238,1007.6931347847238,4.0,9.11932279491182,8.910139050542275,749.8098668810117,1766250,0.9128618586488301,7.644511328295944,-20.262420193338375,-37.56936958624665,42.685163736354596,0,0,0,0,2,1,1,1,1
454,2013,7,24,9,41477.375,54.97889275185295,29.81416273779868,436,226,1004.0499978989033,1008.0499978989033,4.0,8.237942888336482,8.146645151688645,818.9256019037834,2106875,0.3568631141794322,3.0190466973593186,1.976652349934069,-31.356693599606558,31.418933591261602,0,0,0,0,0,1,1,1,1
454,2013,7,24,12,41477.5,54.97889275185295,29.81416273779868,436,226,,,,8.237942888336482,,0.0,0,0.0,,0.0,0.0,0.0,0,3,0,0,0,1,1,0,0
459,2013,7,24,6,41477.25,44.46123999143415,173.46786331214756,382,556,1011.0646353932276,1011.0646353932276,0.0,8.481666932173155,8.746692531996523,14.104739588693906,625,,,,,,3,0,0,0,0,9,9,1,1
459,2013,7,24,9,41477.375,45.187318760008324,173.36748538486154,382,553,1011.1328762331964,1013.1328762331964,2.0,9.01269972294659,8.546120908044905,134.55064019432646,56875,0.06824083996878472,0.6664456854231371,-2.622179465741815,26.912091803259212,27.03953606069471,0,0,0,0,0,11,11,1,1
459,2013,7,24,12,41477.5,44.488383527771596,173.75583461029194,381,556,1012.6093437506643,1012.6093437506643,0.0,7.714793358494241,2.2462920116406893,14.104739588693906,625,1.4764675174678268,14.597293326423163,10.26867283100184,-25.90601729262032,27.866958457565804,0,0,0,0,0,11,11,1,1
459,2013,7,24,15,41477.625,46.232208404481376,174.12480726970492,379,549,1012.6399459487739,1012.6399459487739,0.0,7.625192185653561,1.8548540021552613,14.104739588693906,625,0.03060219810955459,0.2935934133783303,9.46016535989326,64.634826415567,65.32346832805958,0,0,0,0,0,10,10,1,1
459,2013,7,24,18,41477.75,47.4829507921818,174.58165125715215,377,544,1013.0621130461656,1013.0621130461656,0.0,7.7933396786522415,1.512555772452033,14.104739588693906,625,0.4221670973917935,3.968191024168163,11.443406908112799,46.35873601719629,47.750224782473396,0,0,0,0,0,10,10,1,1
459,2013,7,24,21,41477.875,48.48572703306691,175.09190443825474,375,540,1012.9218937840792,1012.9218937840792,0.0,8.512274393984818,1.698750425305552,14.104739588693906,625,-0.14021926208646618,-1.2973820757029049,12.535320970880418,37.16787684870843,39.22480517840402,0,0,0,0,0,9,9,1,1
459,2013,7,25,0,41478.0,49.976569045863755,175.90271639479175,372,534,1012.7946515692314,1012.7946515692314,0.0,8.77062120757059,2.2690513192167416,14.104739588693906,625,-0.12724221484779263,-1.1511898748965876,19.326837972532008,55.2580227505241,58.54037704280648,0,0,0,0,0,13,13,1,1
459,2013,7,25,3,41478.125,52.115947941427116,175.680724972372,372,525,1012.6670342823807,1014.4532123145651,1.7861780321845435,8.739719679919967,2.3918922782919254,323.1801841141507,328125,-0.1276172868507274,-1.1202443540310296,-5.052594776026417,79.29602645236179,79.4568343511393,0,0,0,0,0,18,16,2,0
459,2013,7,25,6,41478.25,55.41124562356667,171.86989764584405,381,510,1011.004517876451,1013.004517876451,2.0,8.782369954307308,2.336072993907874,255.44769849751455,205000,-1.6625164059296367,-13.991232605420585,-80.17407972246397,122.14012801249724,146.103025055107,0,0,1,0,0,10,10,1,1
459,2013,7,25,9,41478.375,56.43618876845071,172.8027924509385,378,506,1009.9477806334694,1013.9477806334694,4.0,9.954228200588663,2.634913576769177,356.5459448579543,399375,-1.0567372429816169,-8.786209840871601,19.11667855249403,37.98949260340829,42.52821354282117,0,0,0,0,0,12,12,1,1
459,2013,7,25,12,41478.5,57.07031808277277,171.86989764584402,380,503,1008.9997110692035,1012.9997110692035,4.0,10.466877347165243,3.1279427086170473,332.58485450914213,347500,-0.9480695642658975,-7.825710006753423,-18.79662697162961,23.503987529735,30.095690975761496,0,0,0,0,0,14,14,1,1
459,2013,7,25,15,41478.625,57.65627345508716,170.50461618022953,383,500,1007.8211427770824,1013.8211427770824,6.0,10.978299619696182,4.258119842228188,413.3916062826175,536875,-1.1785682921210536,-9.664821062164659,-27.072611282854336,21.718421547161164,34.7075800967559,0,0,0,0,0,14,14,1,1
459,2013,7,25,18,41478.75,57.84708898510042,170.03888790140846,384,499,1006.8485124535433,1012.8485124535433,6.0,11.548856392380868,4.505497728579575,373.1763325901154,437500,-0.9726303235390514,-7.959290306796401,-9.186594481273607,7.0725729541556825,11.593739964102227,0,0,0,0,0,14,14,1,1
459,2013,7,25,21,41478.875,57.76307278468765,169.2440149844467,386,499,1006.5199734953327,1014.5199734953327,8.0,11.581157019739827,4.42150556371169,530.1956414721458,883125,-0.32853895821070184,-2.691004173565801,-15.71554597176868,-3.114058413950652,16.021103114213815,0,0,0,0,0,19,19,1,1
459,2013,7,26,0,41479.0,57.48930650086416,168.92552830802987,387,500,1005.4819320743007,1011.4819320743007,6.0,12.047037574058807,5.220771158619173,325.9385287348523,333750,-1.0380414210319577,-8.528207506496868,-6.344513389588819,-10.147140615835495,11.967343599488157,0,0,0,0,0,16,16,1,1
459,2013,7,26,3,41479.125,57.30358822031716,169.39256912722522,386,501,1005.8352107471924,1011.8352107471924,6.0,11.24456776958476,4.707013081831974,342.31246961133036,368125,0.35327867289161075,2.9084452605100277,9.351092040089506,-6.883643527325715,11.6115231797348,0,0,0,0,0,16,16,1,1
459,2013,7,26,6,41479.25,57.30358822031716,169.39256912722522,386,501,1005.7627701093238,1011.7627701093238,6.0,10.725817195679316,4.379237518145164,365.63663957157263,420000,-0.07244063786856714,-0.5963836654860819,0.0,0.0,0.0,0,0,0,0,0,14,14,1,1
459,2013,7,26,9,41479.375,57.156004671597685,170.24452400240827,384,502,1006.3878267304208,1010.3878267304208,4.0,10.16498473860415,4.391907777868692,263.875515352797,218750,0.6250566210970283,5.154457240548905,17.126157201169647,-5.470180624601797,17.97854656375047,0,0,0,0,0,13,13,1,1
459,2013,7,26,12,41479.5,57.42566611713348,170.5705120459807,383,501,1006.9113618478063,1010.9113618478063,4.0,9.64744391900447,3.941699821987931,280.32615495458737,246875,0.523535117385618,4.304242296642841,6.505259992583679,9.994994885072735,11.925532706078164,0,0,0,0,0,13,13,1,1
459,2013,7,26,15,41479.625,57.46318432658211,170.965004999527,382,501,1007.4326932058829,1009.4326932058829,2.0,8.693536293961646,3.5834771528306018,177.8539989415875,99375,0.5213313580764225,4.2843326247640015,7.864237222725235,1.3906115158251044,7.986239883902969,0,0,0,0,0,14,14,1,1
459,2013,7,26,18,41479.75,57.7647182971406,171.69869562693899,380,500,1008.220400417304,1010.220400417304,2.0,7.913249502801176,2.851503325552185,184.44340347622256,106875,0.787707211421075,6.451852818578788,14.505253885691646,11.176349245697827,18.311558446789366,0,0,0,0,0,21,21,1,1
459,2013,7,26,21,41479.875,57.7647182971406,171.69869562693899,380,500,,,,7.913249502801176,,0.0,0,0.0,,0.0,0.0,0.0,0,3,0,0,0,21,21,0,0
466,2013,7,25,0,41478.0,21.648963598415403,88.30062370347473,646,351,995.4087409304864,997.4087409304864,2.0,7.780045594475954,1.9326564085648714,299.8708769569344,282500,,,,,,3,0,0,0,0,4,4,1,1
466,2013,7,25,3,41478.125,21.116950883991517,88.7093255800043,648,353,996.4329072641076,996.4329072641076,0.0,8.068172334704181,2.8245209078015616,14.104739588693906,625,1.0241663336212514,19.695165421546104,14.131252107406988,-19.719038251445525,24.25969405588344,0,0,0,0,0,4,4,1,1
466,2013,7,25,6,41478.25,21.66324007830261,88.70031871610232,646,353,995.6136138245586,995.6136138245586,0.0,8.210092385716731,1.3934206501810695,14.104739588693906,625,-0.8192934395490739,-15.376466854027894,-0.31025999571492013,20.248195629379016,20.250572523031156,0,0,0,0,0,4,4,1,1
466,2013,7,25,9,41478.375,22.218245838298262,89.09381543318895,644,355,993.1463133705008,993.1463133705008,0.0,8.842114376280573,2.1669208351948326,14.104739588693906,625,-2.467300454057695,-45.20589564724682,13.502013276011889,20.57127492334133,24.606538043318753,0,0,0,0,0,5,5,1,1
466,2013,7,25,12,41478.5,21.935710510344627,88.69576798702717,645,353,992.8787917979977,992.8787917979977,0.0,8.343630396796692,2.0235818337228557,14.104739588693906,625,-0.26752157250317393,-4.9614896120158996,-13.685506171720538,-10.472165022100233,17.232507636043586,0,0,0,0,0,6,6,1,1
466,2013,7,25,15,41478.625,22.750468217900085,88.68192259594511,642,353,994.4075174596433,994.4075174596433,0.0,8.453607068784944,1.3956907345454237,14.104739588693906,625,1.528725661645585,27.387678964181372,-0.47325262605338786,30.19897450823926,30.20268248678172,0,0,0,0,0,9,9,1,1
466,2013,7,25,18,41478.75,22.47932103801511,88.68657026745824,643,353,994.3857520201051,994.3857520201051,0.0,8.61640721296956,1.7413107719244727,14.104739588693906,625,-0.021765439538139617,-0.3943910095214393,0.15917665779497744,-10.05006359239622,10.05132406300756,0,0,0,0,0,6,6,1,1
466,2013,7,25,21,41478.875,22.76101808599806,89.08740104841614,642,355,992.7233390246552,994.7233390246552,2.0,9.19173610861435,1.8479467718959495,227.86904174049369,163125,-1.6624129954499949,-29.769665353437,13.699830542922712,10.441094195484252,17.225034249712625,0,0,0,0,0,10,10,1,1
466,2013,7,26,0,41479.0,22.977946984116667,87.66062068596763,641,348,992.6905948564894,994.6905948564894,2.0,9.24077955859928,2.1524242829036666,233.90064490684722,171875,-0.032744168165809245,-0.5811263683038814,-48.687349281478255,8.040464304461084,49.34680381025679,0,0,0,0,0,8,8,1,1
466,2013,7,26,3,41479.125,22.695813456286448,87.46644111160542,642,347,993.6913915854931,995.6913915854931,2.0,9.451773287848631,4.913093048797236,196.9619693713725,121875,1.0007967290037778,17.9705258850993,-6.63995003017139,-10.457272310350463,12.387230545040952,0,0,0,0,0,8,8,1,1
466,2013,7,26,6,41479.25,23.528522237800328,87.84857634428748,639,349,993.0188882901684,995.0188882901684,2.0,9.631754691235791,3.386170103438636,169.8435557664936,90625,-0.6725032953247136,-11.671279716888195,12.986268828568532,30.86433062557185,33.48507254064806,0,0,0,0,0,8,8,1,1
466,2013,7,26,9,41479.375,23.775661253905906,87.43010091445953,638,347,991.992205343418,993.992205343418,2.0,9.44469232547257,4.493869068679341,318.8419983313807,319375,-1.0266829467503704,-17.64343738904189,-14.194392045741145,9.160201588956108,16.893491607672864,0,0,0,0,0,6,6,1,1
466,2013,7,26,12,41479.5,24.003899813843955,86.80301716749189,637,344,991.7594557898249,993.7594557898249,2.0,8.71428612609029,5.555575014318529,354.02615395598616,393750,-0.23274955359316662,-3.9639647927218893,-21.232733278810752,8.459656643257107,22.855956619903743,0,0,0,0,0,6,6,1,1
466,2013,7,26,15,41479.625,23.98841354721403,86.59723022893824,637,343,994.1804024206222,996.1804024206222,2.0,8.544243954679956,7.116617246504975,257.00058634784585,207500,2.420946630797262,41.25625887581046,-6.968683481484962,-0.5739980939708696,6.992283123344159,0,0,0,0,0,7,7,1,1
466,2013,7,26,18,41479.75,24.256778155703756,86.5849527215358,636,343,994.4914132517343,996.4914132517343,2.0,8.93091945867422,9.270066542955465,207.77578856468483,135625,0.31101083111221667,5.2449029740602064,-0.4148893468853947,9.946927651670181,9.95557647139129,0,0,0,0,0,11,11,1,1
466,2013,7,26,21,41479.875,25.00669380092753,85.9218271305345,633,340,993.5450769415227,995.5450769415227,2.0,8.413093999452135,6.898400501634751,180.62879984608918,102500,-0.9463363102116272,-15.509902637519579,-22.274661934102046,27.79560505342151,35.61960449758428,0,0,0,0,0,8,8,1,1
466,2013,7,27,0,41480.0,25.189250769660525,85.07109084432793,632,336,993.4558825344144,995.4558825344144,2.0,9.155778368656817,6.63181872284309,170.4282168957679,91250,-0.08919440710829804,-1.4519340756134518,-28.533947649184242,6.766469582239466,29.325266905072812,0,0,0,0,0,9,9,1,1
466,2013,7,27,3,41480.125,25.116000718940626,84.44558250563931,632,333,994.9089560542561,996.9089560542561,2.0,9.242362326922365,5.133921525797123,178.4124116152771,100000,1.4530735198417097,23.718068325101047,-20.99234957360622,-2.71501133883655,21.167192236820078,0,0,0,0,0,9,9,1,1
466,2013,7,27,6,41480.25,25.089641215007592,84.23736711340156,632,332,994.9467171677338,996.9467171677338,2.0,9.057605600991947,4.90666849234367,204.88317705582224,131875,0.037761113477754404,0.6169685060265029,-6.989316850507929,-0.9770143687400082,7.057273348363268,0,0,0,0,0,7,7,1,1
466,2013,7,27,9,41480.375,25.564970565507664,83.7760738808561,630,330,993.7218777971831,995.7218777971831,2.0,8.709500512832092,6.536417918446241,194.93137937025432,119375,-1.2248393705507623,-19.664568848772916,-15.423878417676827,17.61807075362023,23.415645251046264,0,0,0,0,0,7,7,1,1
466,2013,7,27,12,41480.5,25.535576157729714,83.56683343993596,630,329,993.0766882868951,995.0766882868951,2.0,8.881377116397559,6.267429359262679,181.72685737548065,103750,-0.6451895102880372,-10.369520110565166,-6.997917576495848,-1.0895030055429762,7.0822219116966885,0,0,0,0,0,7,7,1,1
466,2013,7,27,15,41480.625,25.70616219841032,82.91423629134661,629,326,995.5375919566197,997.5375919566197,2.0,7.857929161260709,4.664497964474649,200.96160531198103,126875,2.4609036697246482,39.30698597710041,-21.794548696411344,6.322767426688424,22.693165068192616,0,0,0,0,0,8,8,1,1
466,2013,7,27,18,41480.75,25.63848749247613,82.49589321992597,629,324,996.1232578328404,998.1232578328404,2.0,7.946992367836204,4.866524789940595,191.84519954901347,115625,0.5856658762207371,9.377611429905558,-13.979193574629662,-2.508361320681355,14.202455052280838,0,0,0,0,0,6,6,1,1
466,2013,7,27,21,41480.875,25.566930443509296,82.07835330434915,629,322,994.9708024634051,998.9708024634051,4.0,8.493637282404418,6.301181034906694,353.1822286699502,391875,-1.152455369435338,-18.501134204161126,-13.960707937309827,-2.6522602702560953,14.210413458166673,0,0,0,0,0,7,7,1,1
466,2013,7,28,0,41481.0,25.566930443509296,82.07835330434915,629,322,995.6766334534806,997.6766334534806,2.0,8.13465384297653,6.8976705498193045,186.05429348039038,108750,0.705830990075483,11.331175348890701,0.0,0.0,0.0,0,0,0,0,0,6,6,1,1
466,2013,7,28,3,41481.125,25.793508404607607,81.84002497935734,628,321,997.1508789991952,999.1508789991952,2.0,7.661147600778083,4.9703132094730975,216.68112103298049,147500,1.474245545714657,23.47320133234523,-7.953520557724235,8.398106587866724,11.566619364503724,0,0,0,0,0,8,8,1,1
466,2013,7,28,6,41481.25,25.793508404607607,81.84002497935734,628,321,,,,7.661147600778083,,0.0,0,0.0,,0.0,0.0,0.0,0,3,0,0,0,8,8,0,0
473,2013,7,25,3,41478.125,15.05208705092397,-122.2304551381267,97,525,1003.3303100541261,1007.3303100541261,4.0,7.553660002910911,6.650076491693035,460.29883553088166,665625,,,,,,3,0,0,0,0,17,17,1,1
473,2013,7,25,6,41478.25,15.548677533552945,-123.09781764113468,101,528,1004.2182681505408,1008.2182681505408,4.0,7.81293241872366,7.5034426218511365,424.55031863322336,566250,0.887958096414659,22.950174710987852,-30.97220224459666,18.406114096105014,36.02863233594961,0,0,0,0,0,11,11,1,1
473,2013,7,25,9,41478.375,15.705881848611346,-124.28338397108558,105,533,1003.8892232209566,1007.8892232209566,4.0,7.688579292494734,6.008110171419394,404.39053404712934,513750,-0.32904492958419723,-8.421486048132808,-42.30227470032885,5.826774093708942,42.701683118598496,0,0,0,0,0,13,13,1,1
473,2013,7,25,12,41478.5,15.430162266560703,-125.51612181875775,108,539,1002.3389030921879,1008.3389030921879,6.0,8.629100437909953,5.3823366900630205,977.9173095427988,3004375,-1.5503201287686534,-40.36979320237705,-44.04441323822802,-10.219539566863205,45.21448137995699,0,0,0,0,0,15,15,1,1
473,2013,7,25,15,41478.625,14.6362257031695,-125.60176700407398,106,541,1002.6388305365684,1006.6388305365684,4.0,9.085149023269155,5.9430668820342545,304.15261082582236,290625,0.2999274443804461,8.223637945433726,-3.0714249541409044,-29.427239308905985,29.58709287159759,0,0,0,0,0,15,15,1,1
473,2013,7,25,18,41478.75,15.054837641925676,-126.48214611479399,110,544,1003.3668968526779,1009.3668968526779,6.0,9.482864359075684,7.826719745950031,471.19119857356634,697500,0.7280663161094708,19.41990125410754,-31.511229409273607,15.515841274176578,35.12405029789861,0,0,0,0,0,15,15,1,1
473,2013,7,25,21,41478.875,15.053003910743831,-127.40535663140855,113,548,1002.9746873565917,1008.9746873565917,6.0,9.919335016829057,8.055639937627712,420.78483122581025,556250,-0.3922094960861432,-10.462750322652404,-33.044567421516696,-0.06796720141708595,33.044637320080106,0,0,0,0,0,20,20,1,1
473,2013,7,26,0,41479.0,15.427406884517739,-128.2978230557687,117,551,1002.1995390522732,1008.1995390522732,6.0,9.902442042223015,7.791437158208791,550.4463851377315,951875,-0.7751483043185726,-20.188107833323677,-31.88732084122432,13.87723706809811,34.77612599291898,0,0,0,0,0,17,17,1,1
473,2013,7,26,3,41479.125,15.779468281394871,-129.1977127348852,121,554,1002.6674751392098,1006.6674751392098,4.0,10.205620379301338,8.971233678961871,200.96160531198103,126875,0.4679360869366792,11.921787456593114,-32.0974211621999,13.049147066711232,34.64858849119682,0,0,0,0,0,17,17,1,1
473,2013,7,26,6,41479.25,15.89265829564622,-129.98458252659813,124,557,1003.566143739729,1009.566143739729,6.0,10.696601772409347,8.86001233921801,403.40541557032054,511250,0.8986686005191586,22.736817339733143,-28.050490104922233,4.195385110525089,28.36249726931597,0,0,0,0,0,15,15,1,1
473,2013,7,26,9,41479.375,15.989333048124621,-130.77335352573238,127,560,1003.2930301114363,1009.2930301114363,6.0,10.793959963880331,9.197242304738683,297.2053051612671,277500,-0.2731136282926309,-6.869228866669906,-28.104716292627206,3.5832473367388546,28.3322208689208,0,0,0,0,0,14,14,1,1
473,2013,7,26,12,41479.5,16.28055452673748,-131.68796603435214,131,563,1001.2667105085186,1007.2667105085186,6.0,11.836165954352868,8.974084671983801,252.7071841393177,200625,-2.0263196029177926,-50.077429566103646,-32.540686155829384,10.79411698389226,34.284241525140054,0,0,0,0,0,14,14,1,1
473,2013,7,26,15,41479.625,16.358038489866235,-132.74646774238553,135,567,1001.9073825804346,1007.9073825804346,6.0,12.194897054141622,10.41955638317697,242.66711549775604,185000,0.6406720719160512,15.760279240196292,-37.645151268372395,2.8719411987439427,37.75454224683015,0,0,0,0,0,15,15,1,1
473,2013,7,26,18,41479.75,16.590671135024646,-133.40516989241738,138,569,1003.1842205875589,1011.1842205875589,8.0,12.165928340585799,11.538674545591348,751.1353228685022,1772500,1.2768380071243155,30.981406561895092,-23.39835879980698,8.622523304506261,24.936541513635337,0,0,0,0,0,22,22,1,1
473,2013,7,26,21,41479.875,16.61561227697012,-134.2024304591335,141,572,1003.1833719076774,1009.1833719076774,6.0,11.900587286337627,10.521001030961052,232.19331810450433,169375,-0.0008486798816011288,-0.02056246640205671,-28.31653689193425,0.9244428163528637,28.331622898679484,0,0,0,0,0,20,20,1,1
473,2013,7,27,0,41480.0,17.02158441660346,-135.0,145,574,1001.9301174363558,1007.9301174363558,6.0,12.45743044290416,11.645291650824074,206.81608002267828,134375,-1.2532544713215612,-29.661271705546728,-28.266903720878744,15.047347428754701,32.02250006803153,0,0,0,0,0,20,20,1,1
473,2013,7,27,3,41480.125,17.403370509524525,-136.07333165441398,150,577,1002.491705311689,1008.491705311689,6.0,12.522840252571562,13.38831852695439,203.42144725641097,130000,0.5615878753332072,13.008475143805242,-37.96180441974909,14.15089219875674,40.51353286031861,0,0,0,0,0,19,19,1,1
473,2013,7,27,6,41480.25,17.563914755912325,-137.0166238746231,154,580,1004.2980950412718,1010.2980950412718,6.0,12.383821040281466,13.1611999574714,203.9098547955877,130625,1.8063897295828792,41.47216646890194,-33.3331208572647,5.950568566765833,33.86009764239903,0,0,0,0,0,18,18,1,1
473,2013,7,27,9,41480.375,17.90867416179014,-137.83544568004206,158,582,1004.7470298368087,1010.7470298368087,6.0,12.327451981844913,11.918173780214493,213.44344089255833,143125,0.44893479553677024,10.114811823178183,-28.879083439053986,12.778498948868524,31.579922350539054,0,0,0,0,0,21,21,1,1
473,2013,7,27,12,41480.5,18.23545122226405,-138.66085382912578,162,584,1002.5048269882807,1010.5048269882807,8.0,13.204047714432846,14.450160865426003,303.49781434869413,289375,-2.242202848527959,-49.64305802189896,-29.0572486343185,12.111983756173588,31.480531264678763,0,0,0,0,0,22,22,1,1
473,2013,7,27,15,41480.625,18.544158238544306,-139.49258147991532,166,586,1002.5890045620115,1010.5890045620115,8.0,13.704612089314976,14.918775993964736,267.99005218518425,225625,0.08417757373084896,1.8337558090567143,-29.227314907598842,11.44221800998122,31.387263176261293,0,0,0,0,0,21,21,1,1
473,2013,7,27,18,41480.75,18.79731188052815,-140.60200140869787,171,589,1003.6116380659842,1011.6116380659842,8.0,13.820554216241113,15.181773904803558,251.5235374254831,198750,1.0226335039726109,21.988034792232725,-38.92736543910117,9.383133550065427,40.04226486161456,0,0,0,0,0,17,17,1,1
473,2013,7,27,21,41480.875,18.846864934308933,-141.5662986207463,175,592,1003.718645383876,1011.718645383876,8.0,13.609723831198687,15.387579986390701,261.22343281308076,214375,0.10700731789183919,2.294974872062482,-33.82533462655682,1.8366827267226626,33.87516296694652,0,0,0,0,0,21,21,1,1
473,2013,7,28,0,41481.0,19.092972506125477,-142.4137004062125,179,594,1003.2473638548879,1009.2473638548879,6.0,12.737020577440125,14.814249594716019,170.4282168957679,91250,-0.4712815289880382,-9.982006388071099,-29.681062292819757,9.121971131603779,31.0511805919849,0,0,0,0,0,20,20,1,1
473,2013,7,28,3,41481.125,19.32068245458379,-143.26601211503467,183,596,1003.0830354366302,1011.0830354366302,8.0,12.896278892906608,15.550587960059493,294.85316288611835,273125,-0.1643284182577918,-3.4410858727489027,-29.81173233494856,8.44006367168608,30.983448155309194,0,0,0,0,0,22,22,1,1
473,2013,7,28,6,41481.25,19.529923628986147,-144.12289620537848,187,598,1003.6887969185897,1011.6887969185897,8.0,13.54718926584817,18.06757938323433,236.85885552348068,176250,0.6057614819594892,12.554141980965337,-29.93308713124536,7.755519012897183,30.921477654959123,0,0,0,0,0,23,23,1,1
473,2013,7,28,9,41481.375,19.720629035252795,-144.9840033293384,191,600,1004.1115317918884,1012.1115317918884,8.0,13.340305358226539,17.13272445588671,243.0766805410715,185625,0.42273487329875936,8.67959752101234,-30.044926998403223,7.068491220180194,30.86521029361607,0,0,0,0,0,24,24,1,1
473,2013,7,28,12,41481.5,20.047129698352116,-146.01109517691017,196,602,1003.106705256904,1009.106705256904,6.0,12.91942418720743,15.023895864851,164.48811606198853,85000,-1.0048265349844587,-20.308590516761505,-35.76250595398903,12.101739094242939,37.75458808163888,0,0,0,0,0,21,21,1,1
473,2013,7,28,15,41481.625,20.19695766143161,-146.8815103625801,200,604,1003.718791331602,1009.718791331602,6.0,12.40202345726919,13.176635493779468,193.39444569737623,117500,0.6120860746980179,12.282916132360544,-30.278141315482667,5.55336978797605,30.783205770717636,0,0,0,0,0,19,19,1,1
473,2013,7,28,18,41481.75,20.241273340155562,-148.02584064687082,205,607,1005.3469361786215,1011.3469361786215,6.0,11.829221764423458,11.683388381635814,205.36810833075387,132500,1.6281448470195756,32.603933338489554,-39.79514217194513,1.6425595483044548,39.829026379702675,0,0,0,0,0,17,17,1,1
473,2013,7,28,21,41481.875,20.347870134316995,-148.90135076950912,209,609,1006.1258965844265,1012.1258965844265,6.0,11.027436788077884,11.513806964130781,226.55566456642887,161250,0.7789604058049736,15.520561154334132,-30.425757283854637,3.951007569108652,30.681218474943062,0,0,0,0,0,16,16,1,1
473,2013,7,29,0,41482.0,20.43565412799288,-149.77898745141593,213,611,1006.0645900579955,1010.0645900579955,4.0,9.609292028404571,10.001055441376447,159.57691216057307,80000,-0.06130652643099893,-1.2164906430781723,-30.4822932522571,3.253711579118805,30.655453690276556,0,0,0,0,0,16,16,1,1
473,2013,7,29,3,41482.125,20.369575612669642,-150.48688661301486,216,613,1005.713705650367,1009.713705650367,4.0,9.343659357443189,9.459605281462864,172.1702882348331,93125,-0.3508844076284731,-6.984136759502744,-24.59748744452271,-2.4491985547163315,24.71912138697241,0,0,0,0,0,17,17,1,1
473,2013,7,29,6,41482.25,20.423380309962628,-151.3659779860088,220,615,1007.1509339801366,1011.1509339801366,4.0,8.711958791470154,8.089431675128434,189.234939151512,112500,1.4372283297695685,28.534981717764445,-30.53525425882475,1.9942697895421073,30.600308244273542,0,0,0,0,0,20,20,1,1
473,2013,7,29,9,41482.375,20.329941767547272,-152.07206765579315,223,617,1008.0010749673701,1012.0010749673701,4.0,8.205479925694924,7.632114068666851,195.44100476116796,120000,0.8501409872334625,16.95311846978779,-24.540908458885585,-3.463297289883309,24.784079892251704,0,0,0,0,0,16,16,1,1
473,2013,7,29,12,41482.5,20.468703780088088,-152.68631483276928,226,618,1006.600089973742,1010.600089973742,4.0,8.076197740993543,6.51246217859858,202.4410972262378,128750,-1.4009849936280807,-27.756443140957717,-21.329608204337173,5.143210601842474,21.940938937188456,0,0,0,0,0,16,16,1,1
473,2013,7,29,15,41482.625,20.598136547611848,-153.3026262417482,229,619,1006.4826984720427,1010.4826984720427,4.0,8.001321974297918,6.661790000416294,219.41825422078801,151250,-0.11739150169931235,-2.311785898546007,-21.383187634836116,4.797422363402116,21.914743319497923,0,0,0,0,0,20,20,1,1
473,2013,7,29,18,41482.75,20.598136547611848,-153.3026262417482,229,619,,,,8.001321974297918,,0.0,0,0.0,,0.0,0.0,0.0,0,3,0,0,0,20,20,0,0
485,2013,7,25,15,41478.625,34.120495365175515,-75.35394105496263,128,299,1009.9658599702419,1015.9658599702419,6.0,7.80313615711753,3.005350952642693,771.0017590435375,1867500,,,,,,3,0,0,0,0,8,8,1,1
485,2013,7,25,18,41478.75,34.48155129616661,-74.76600805834207,130,297,1009.8106830297564,1015.8106830297564,6.0,8.261566082421483,3.2897839602950985,730.0480228580751,1674375,-0.1551769404853985,-1.8989927801102073,17.963077042573172,13.382529253712637,22.400094331584718,0,0,0,0,0,5,5,1,1
485,2013,7,25,21,41478.875,35.25368406295418,-73.80323493305477,134,294,1009.8492998679666,1015.8492998679666,6.0,8.286890617955677,3.3229601767496204,802.1121227415696,2021250,0.03861683821014594,0.46352454992459824,29.140547921829075,28.61908212093478,40.843890542273584,0,0,0,0,0,8,8,1,1
485,2013,7,26,0,41479.0,36.005843985625255,-72.81551081759645,138,291,1009.987524429488,1013.987524429488,4.0,8.988843134384984,4.680694679435401,476.02190099520215,711875,0.1382245615213469,1.6290191577367288,29.615766304855896,27.878789142128777,40.673338907140575,0,0,0,0,0,6,6,1,1
485,2013,7,26,3,41479.125,37.13260040563645,-72.202530067475,143,290,1010.2684817012837,1016.2684817012837,6.0,9.805107706877875,6.227052604320197,706.9275219628611,1570000,0.28095727179577806,3.2245363067752613,18.11336747461047,41.76319915647718,45.52207030720212,0,0,0,0,0,5,5,1,1
485,2013,7,26,6,41479.25,37.77131012362016,-71.72622031461307,146,289,1008.685453415089,1016.685453415089,8.0,11.19223071176931,6.5707316367240125,790.4948420543642,1963125,-1.583028286194749,-17.905859569640743,13.955121393315094,23.67376007945483,27.480762897011243,0,0,0,0,0,5,5,1,1
485,2013,7,26,9,41479.375,38.64087849992762,-71.15580256904306,150,288,1007.9766505004394,1015.9766505004394,8.0,12.000029934183049,5.038382684374955,680.5445498991344,1455000,-0.7088029146495682,-7.864252833995867,16.513870387119276,32.23053060531204,36.214845274590516,0,0,0,0,0,3,3,1,1
485,2013,7,26,12,41479.5,40.75442216088433,-70.37333462825825,159,288,1008.6678628973251,1016.6678628973251,8.0,13.02734822192838,12.302404426538196,403.89827515005896,512500,0.6912123968856758,7.335671419197476,21.9694831927742,78.33844411338444,81.36074002775199,0,0,0,0,0,3,3,1,1
485,2013,7,26,15,41479.625,40.81842925919169,-69.77514056883192,160,286,1009.9198120620567,1017.9198120620567,8.0,12.096036916353608,9.023322384306011,459.6500701125706,663750,1.2519491647316316,13.269443429277016,16.7794374414142,2.37242153367259,16.946324226326077,0,0,0,0,0,3,3,1,1
485,2013,7,26,18,41479.75,41.65733445220242,-69.13944860943823,164,285,1010.4531024536371,1016.4531024536371,6.0,11.243697794592247,4.701521545103242,353.1822286699502,391875,0.5332903915803763,5.558729838510951,17.603846375996262,31.094000466189318,35.731390572171385,0,0,0,0,0,7,7,1,1
485,2013,7,26,21,41479.875,42.805350340152046,-68.64071893785491,169,285,1010.196555563386,1016.196555563386,6.0,11.03331150220803,4.846191248777395,366.18033747720784,421250,-0.25654689025104743,-2.6157223152408347,13.562099628015478,42.551180815782054,44.66020079598385,0,0,0,0,0,6,6,1,1
485,2013,7,27,0,41480.0,43.71715211594212,-68.22507954528524,173,285,1010.2963337931906,1016.2963337931906,6.0,11.19429272797409,4.762450613523979,354.3070156851716,394375,0.09977822980450583,1.0002677559722306,11.134590468543005,33.79591052445216,35.58289860423045,0,0,0,0,0,6,6,1,1
485,2013,7,27,3,41480.125,44.170841701939416,-68.01143744310761,175,285,1010.013697141751,1016.013697141751,6.0,11.427159254906051,6.536874015298381,335.8586993311039,354375,-0.28263665143953404,-2.8102234234059744,5.679763653340383,16.81599341145644,17.749291523098968,0,0,0,0,0,4,4,1,1
485,2013,7,27,6,41480.25,44.62305173334702,-67.79377544448374,177,285,1009.1613113110332,1015.1613113110332,6.0,11.404329550465723,9.07126347626283,333.18249174678584,348750,-0.8523858307178307,-8.407133373265081,5.742086183242418,16.76115375676738,17.717444200385696,0,0,0,0,0,3,3,1,1
485,2013,7,27,9,41480.375,45.29858145059828,-67.45950774145633,180,285,1009.1705048827863,1015.1705048827863,6.0,11.051331277965225,8.11237581089008,338.5137501286538,360000,0.009193571753130528,0.08961246662465137,8.71500784830457,25.038492451991033,26.511836338971733,0,0,0,0,0,4,4,1,1
485,2013,7,27,12,41480.5,46.78968877935635,-65.6820251825993,188,282,1009.4074731386968,1017.4074731386968,8.0,11.978173109710214,4.313872699503699,450.9106782943783,638750,0.23696825591046944,2.2525547779585646,45.107251712240114,55.26785668013916,71.33863006147365,0,0,0,0,0,3,3,1,1
485,2013,7,27,15,41480.625,47.347735743196644,-65.02034784230578,191,281,1009.2365287818072,1015.2365287818072,6.0,11.70841429654149,7.037486459535285,361.8078781523198,411250,-0.17094435688952217,-1.6102930042854269,16.616830629908943,20.683997069480164,26.531995683576913,0,0,0,0,0,5,5,1,1
485,2013,7,27,18,41480.75,48.549463793963646,-63.2224808987549,198,278,1009.3822596860026,1015.3822596860026,6.0,10.891985037834841,4.175818105508515,417.7003786980451,548125,0.14573090419537038,1.3470530977089445,44.11148494556524,44.542020817248314,62.688234323412004,0,0,0,0,0,3,3,1,1
485,2013,7,27,21,41480.875,48.977763882483224,-62.93424938852955,200,278,1009.0888139935496,1013.0888139935496,4.0,10.243857075295752,9.031531481106358,286.6421800279766,258125,-0.2934456924530969,-2.6947288224349113,7.01199578587221,15.874932308264102,17.35458327627192,0,0,0,0,0,4,4,1,1
485,2013,7,28,0,41481.0,48.54414936854652,-62.51432949989427,199,276,1009.7870228271961,1015.7870228271961,6.0,9.405035712897796,5.045002244571442,438.15596550155374,603125,0.6982088336464949,6.454371740274025,10.304232409515127,-16.07191135640237,19.091452019093712,0,0,0,0,0,4,4,1,1
485,2013,7,28,3,41481.125,48.3029229099616,-61.25129678246441,200,272,1010.4990456722679,1016.4990456722679,6.0,8.614497860551486,2.3343266618235066,511.86797620581103,823125,0.712022845071915,6.606700395924248,31.140143254170606,-8.94105278902572,32.398317037562485,0,0,0,0,0,6,6,1,1
485,2013,7,28,6,41481.25,48.248736143800194,-59.84545208208382,202,268,1010.6739323326713,1014.6739323326713,4.0,7.966388531404921,2.6265037978802868,456.39240985309783,654375,0.174886660403281,1.6241032146868966,34.697868181792785,-2.0084311628076916,34.755947003308734,0,0,0,0,0,6,6,1,1
485,2013,7,28,9,41481.375,48.248736143800194,-59.84545208208382,202,268,,,,7.966388531404921,,0.0,0,0.0,,0.0,0.0,0.0,0,3,0,0,0,6,6,0,0
500,2013,7,26,9,41479.375,60.89044899621378,-123.25742153496047,252,430,1011.0358305925553,1011.0358305925553,0.0,8.87942948832222,6.73470770471722,14.104739588693906,625,,,,,,3,0,0,0,0,9,9,1,1
500,2013,7,26,12,41479.5,60.11895725505814,-123.87081071038882,250,433,1012.4413238177956,1012.4413238177956,0.0,8.262394303922624,7.060472383789675,14.104739588693906,625,1.4054932252403523,11.230508094332524,-11.326683399769237,-28.595322521561627,30.756889097415844,0,0,0,0,0,11,11,1,1
500,2013,7,26,15,41479.625,58.87094931244809,-119.4600876303664,240,427,1012.8171810331565,1012.8171810331565,0.0,9.132718598492504,4.079874960092566,14.104739588693906,625,0.37585721536088385,3.0420557597605016,84.50026822031808,-46.25738387678347,96.33296887582051,0,0,0,0,0,12,12,1,1
500,2013,7,26,18,41479.75,61.60892301745248,-117.27993467770905,248,417,1011.7536892973578,1013.7536892973578,2.0,8.221232746790072,4.6780120395423,272.7726817250237,233750,-1.0634917357987432,-8.375465850646153,38.42105126762209,101.4829284275647,108.51249671233016,0,0,0,0,0,17,17,1,1
500,2013,7,26,21,41479.875,61.81434146388427,-117.49075520974235,249,417,1010.6720125223051,1012.6720125223051,2.0,8.881090313907178,8.284470831730287,165.69317331547472,86250,-1.0816767750527652,-8.502260008590138,-3.6908135428574163,7.613829694140647,8.461235561046482,0,0,0,0,0,14,14,1,1
500,2013,7,27,0,41480.0,61.81805521910993,-116.46218633335396,248,415,1011.4186872591089,1013.4186872591089,2.0,7.7472890106367425,7.4086682138028115,302.84160209044046,288125,0.7466747368038341,5.8688532624264385,18.004692307759942,0.13765024663105319,18.005218484858982,0,0,0,1,0,15,15,1,2
500,2013,7,27,3,41480.125,58.1784602915582,-117.38742215707619,235,424,1011.7640017228531,1013.7640017228531,2.0,8.39328195604655,5.770790737238931,325.9385287348523,333750,0.34531446374428926,2.8156104332841267,-18.082153433334145,-134.90149699500745,136.10796510226962,0,0,1,0,0,13,13,1,1
500,2013,7,27,6,41480.25,58.1784602915582,-117.38742215707619,235,424,1012.0949950069559,1013.9767441669712,1.8817491600153153,8.515324305148669,7.117730274647329,309.34108930758305,300625,0.330993284102733,2.698839005935049,0.0,0.0,0.0,0,0,0,0,0,12,11,2,0
500,2013,7,27,9,41480.375,58.285147867351874,-117.02340763507844,235,423,1012.1565226659569,1012.1565226659569,0.0,8.484399090129186,5.838428364860447,14.104739588693906,625,0.06152765900100349,0.5011034667568829,7.092729797018316,3.9543723880877715,8.12058353550916,0,0,1,0,0,14,14,1,1
500,2013,7,27,12,41480.5,58.17679582019608,-115.55996517182382,233,420,1012.0662928519369,1012.0662928519369,0.0,8.310615883055972,3.7310799681075877,14.104739588693906,625,-0.09022981401998549,-0.735725295225756,28.60148465091971,-4.016065978425566,28.882065545591836,0,0,0,0,0,14,14,1,1
500,2013,7,27,15,41480.625,58.06545178423842,-115.01689347810002,232,419,,,,8.932346872026447,,0.0,0,-1.0182245655937003,,10.64717665805307,-4.126963970207087,11.419028084700448,0,2,2,0,0,14,15,0,0
501,2013,7,27,18,41480.75,58.375414311044004,-114.81820930001831,233,418,1009.5141723651395,1011.5141723651395,2.0,9.267662929666873,9.430062438661334,178.96908195899073,100625,-1.5338959212036571,-12.480466889252485,3.861439387414003,11.48875347690305,12.120320564891184,2,0,0,2,0,10,10,1,1
501,2013,7,27,21,41480.875,58.487731248658804,-115.3657977834786,234,419,1008.8322750357551,1010.8322750357551,2.0,8.760822036403397,11.862481290992145,188.18069730433754,111250,-0.6818973293845193,-5.541544474232728,-10.608491741385897,4.163024546339768,11.39609013655474,0,0,0,0,0,11,11,1,1
501,2013,7,28,0,41481.0,58.47262319112749,-114.44395478041653,233,417,1008.5510413754251,1010.5510413754251,2.0,8.152783420820178,6.361047876267111,212.04073057660514,141250,-0.28123366032988995,-2.2858586078169885,17.866555313710204,-0.559979782978854,17.87532870006063,0,0,0,0,0,11,11,1,1
501,2013,7,28,3,41481.125,58.68472663795422,-114.61570420458128,234,417,1007.8780179484515,1009.8780179484515,2.0,8.639405586709087,7.391600088987543,168.07737027574956,88750,-0.6730234269735229,-5.4579564818655175,-3.3086495465320485,7.861609070318872,8.529481754261901,0,0,0,0,0,13,13,1,1
501,2013,7,28,6,41481.25,58.586933196769905,-114.9918953210854,234,418,1008.1197803400411,1010.1197803400411,2.0,8.99137484881691,8.719728692494245,255.44769849751455,205000,0.24176239158943644,1.9626391699648267,-7.267409918166708,-3.624711506269604,8.12119328807972,0,0,0,1,0,13,13,1,3
501,2013,7,28,9,41481.375,56.54910717593332,-110.89776549883887,222,412,1006.5459365297361,1008.5459365297361,2.0,9.20205263146584,7.428072511395585,178.96908195899073,100625,-1.5738438103049703,-13.06861360378549,83.63491026296693,-75.5319716337658,112.69373076430885,0,0,1,2,0,12,12,1,1
501,2013,7,28,12,41481.5,56.63202036477724,-110.53320911895405,222,411,1005.4817744486638,1011.4817744486638,6.0,10.783936578369579,7.830509760115892,484.7189750148126,738125,-1.0641620810722816,-8.82797547440023,7.431931967916565,3.073175317122268,8.042264563262622,0,0,2,0,0,12,12,1,2
501,2013,7,28,15,41481.625,56.85133541413756,-110.67095838181629,223,411,1005.0782246479142,1013.0782246479142,8.0,11.292304728348252,6.466038674234806,731.2732791431453,1680000,-0.4035498007496062,-3.339336808383582,-2.7918493938397164,8.128906941889277,8.594972432054618,0,0,0,0,0,11,11,1,1
501,2013,7,28,18,41481.75,57.37190218336476,-110.57938362135302,225,410,1004.7973183122258,1012.7973183122258,8.0,11.088785268201635,6.330887727648222,770.7436831336987,1866250,-0.28090633568834167,-2.3108569474868674,1.8301064796334956,19.294794572604662,19.381392811813367,0,0,0,0,0,11,11,1,1
501,2013,7,28,21,41481.875,57.753201271147525,-109.96587470903214,226,408,1004.4221905006311,1010.4221905006311,6.0,10.828701926155343,7.649556665539786,496.67913363905046,775000,-0.3751278115947207,-3.072939112666425,12.133114181141949,14.132841365213736,18.6265848932896,0,0,0,0,0,8,8,1,1
501,2013,7,29,0,41482.0,58.647600561679106,-109.22156913781079,229,405,1004.7531978938822,1010.7531978938822,6.0,10.685160312238596,6.956370311329883,533.5619968247624,894375,0.33100739325105677,2.6853995338102425,14.35379915252795,33.15088783386821,36.12496248143136,0,0,0,0,0,7,7,1,1
501,2013,7,29,3,41482.125,58.20676814802899,-108.95227814570808,227,405,1005.3836731634964,1011.3836731634964,6.0,9.882525626675212,5.1504896225415,563.1307344752207,996250,0.6304752696142532,5.1391675279864835,5.2586793304168316,-16.33944263278927,17.164821404557777,0,0,0,0,0,8,8,1,1
501,2013,7,29,6,41482.25,58.060474291621766,-108.43494882292201,226,404,1005.150878621615,1011.150878621615,6.0,10.113367968343615,4.526050361974849,569.1048314607837,1017500,-0.23279454188144882,-1.9005829673550096,10.143901500815232,-5.422378210583618,11.50221383546896,0,0,0,0,0,10,10,1,1
501,2013,7,29,9,41482.375,58.20510236018623,-107.65898119613306,226,402,1005.0671977436947,1011.0671977436947,6.0,10.176231296413762,3.226006888836928,569.6289496054442,1019375,-0.08368087792026926,-0.6821168438252845,15.153631622317388,5.3606358249231105,16.073859766476332,0,0,0,0,0,9,9,1,1
501,2013,7,29,12,41482.5,57.672683797779726,-106.52579638992565,223,400,1005.1207998086315,1013.1207998086315,8.0,10.289328510971716,5.552125300263069,997.3557010035817,3125000,0.05360206493685837,0.4394827592860292,22.460244663436782,-19.73408099699754,29.898102667853355,0,0,0,0,0,8,8,1,1
501,2013,7,29,15,41482.625,58.090349583431426,-105.46957476773287,224,397,1005.6773846244392,1007.6773846244392,2.0,9.557626484283851,2.540666687833873,255.83680412822147,205625,0.5565848158077279,4.542598000312702,20.69312838491792,15.48077213249434,25.84298489286617,0,0,0,0,0,13,13,1,1
501,2013,7,29,18,41482.75,58.72189201088815,-104.48976259388445,226,394,1004.9356309925251,1008.9356309925251,4.0,9.927365819961173,5.180565135541328,455.73808348098737,652500,-0.74175363191418,-6.01295992144553,18.855201327164256,23.4081046313254,30.05757773871631,0,0,0,0,0,15,15,1,1
501,2013,7,29,21,41482.875,58.887927977975096,-104.99868150449429,227,395,,,,8.368776249873171,,0.0,0,1.1188518577349895,,-9.74678220938708,6.154119060197189,11.527052738853364,0,2,2,1,0,15,14,0,0
506,2013,7,26,18,41479.75,44.518008874824616,65.3160140326443,539,277,993.6935276729731,997.6935276729731,4.0,7.929961628182018,1.3409799768881203,545.909911010575,936250,,,,,,3,0,0,0,0,6,6,1,1
506,2013,7,26,21,41479.875,45.263554266865164,65.8729973625078,537,280,993.0248334407815,997.0248334407815,4.0,8.469274744126738,3.1078696280928124,453.11132913285775,645000,-0.6686942321916285,-6.521907699250317,14.530586033159596,27.633621726045845,31.22106628808897,0,0,0,0,0,5,5,1,1
506,2013,7,27,0,41480.0,46.12671635565258,66.05274521264938,534,282,992.5949502068856,996.5949502068856,4.0,8.94798868243035,6.838136947421954,300.86437789062944,284375,-0.4298832338958164,-4.131536063694833,4.61744550898199,31.993081715027216,32.32457394387166,0,0,0,0,0,5,5,1,1
506,2013,7,27,3,41480.125,46.63953377881985,66.76156541800891,533,285,993.5911353405594,997.5911353405594,4.0,8.58425882874322,3.976857888159866,290.7766557300799,265625,0.9961851336737163,9.492863622559751,18.038204064803907,19.007565250378608,26.20428099816724,0,0,0,0,0,5,5,1,1
506,2013,7,27,6,41480.25,47.589805478472904,67.24902365721238,530,288,993.1400002274805,1001.1400002274805,8.0,9.188578106365478,5.837508823267272,959.6407085287073,2893125,-0.45113511307892623,-4.233246776809005,12.18539821975111,35.22179731177372,37.27008097181416,0,0,0,0,0,4,4,1,1
506,2013,7,27,9,41480.375,48.97374427872301,69.23805773316194,527,296,992.8677333299897,998.8677333299897,6.0,9.772080621745332,11.874797887988098,649.2777953346763,1324375,-0.27226689749077193,-2.5003953318394134,48.391076178636546,51.295657791456534,70.51908083621639,0,0,0,0,0,6,6,1,1
506,2013,7,27,12,41480.5,49.81550416706882,69.50123144862103,524,298,991.2275462468695,999.2275462468695,8.0,11.398528551340421,13.282026945800826,688.6811529393324,1490000,-1.640187083120254,-14.874327028230717,6.294115106626752,31.19980967898128,31.82835228189045,0,0,0,0,0,5,5,1,1
506,2013,7,27,15,41480.625,50.67061218138911,70.82782999534228,522,303,990.9313485712396,998.9313485712396,8.0,12.22746833407204,13.923918958538122,546.6382767928291,938750,-0.29619767562981,-2.6529764282930204,31.162650352756323,31.69455764183953,44.44834936327818,0,0,0,0,0,6,6,1,1
506,2013,7,27,18,41480.75,51.501862083489776,71.13507216087211,519,305,991.699541505643,1001.699541505643,10.0,12.169217442460281,10.137480469570146,850.3883069949867,2271875,0.7681929344033415,6.8004136474736345,7.088854117377793,30.810257295793495,31.615246437920746,0,0,0,0,0,4,4,1,1
506,2013,7,27,21,41480.875,52.603758687846245,69.46441025241896,513,302,991.1465928553382,1003.1465928553382,12.0,12.364431168526899,7.652245464055304,1010.2381266695387,3206250,-0.5529486503047519,-4.822102210816805,-37.60649202890469,40.84177069710218,55.51845167504896,0,0,0,0,0,5,5,1,1
506,2013,7,28,0,41481.0,53.13067684593943,69.54763866925127,511,303,991.6365112441988,1003.6365112441988,12.0,12.835179937537257,5.500300138218881,973.2270316198797,2975625,0.489918388860533,4.242785799468883,1.8508906916935481,19.530208645619265,19.61771765761806,0,0,0,0,0,5,5,1,1
506,2013,7,28,3,41481.125,53.07945337236034,71.45314550001179,513,308,992.1737571415804,1002.1737571415804,10.0,12.831406929406528,6.0899817086273105,714.3462299812252,1603125,0.5372458973816537,4.6557745196280225,42.42521948576126,-1.898596795702293,42.46768086683882,0,0,0,0,0,7,7,1,1
506,2013,7,28,6,41481.25,53.227434610893745,71.00334584451144,512,307,993.1288816406279,1001.1288816406279,8.0,11.693479201416059,6.0796454611488295,639.7086426061758,1285625,0.9551244990475243,8.26110744370273,-9.980399833776977,5.48492098783074,11.3882719973138,0,0,0,0,0,7,7,1,1
506,2013,7,28,9,41481.375,53.21276043687445,73.24973549497429,514,313,994.1813181015137,1000.1813181015137,6.0,10.278477216037487,5.2875815449852235,563.4839052433807,997500,1.0524364608858015,9.104525566042085,49.859230974771464,-0.5438979012149121,49.86219748790216,0,0,0,0,0,6,6,1,1
506,2013,7,28,12,41481.5,53.25532927193791,76.17931525738253,516,321,994.9935300549355,1000.9935300549355,6.0,8.345598903854981,4.968366561441726,666.9618174542285,1397500,0.8122119534217928,7.0224672869380935,64.95632163095308,1.5778128307421502,64.97548163078653,0,0,0,0,0,6,6,1,1
506,2013,7,28,15,41481.625,52.96843249286206,75.92096656279729,517,320,995.3694148865619,1001.3694148865619,6.0,7.936241410417242,3.215131868489625,703.4009733693363,1554375,0.3758848316263175,3.2621746968620005,-5.767002370432802,-10.633822101300002,12.096961966654021,0,0,0,0,0,6,6,1,1
506,2013,7,28,18,41481.75,53.00930201646138,79.5213868804727,519,330,995.5630628050161,999.5630628050161,4.0,7.515959462055537,3.7317379575440284,453.55017798064495,646250,0.19364791845422588,1.6796999627764735,80.28617530119304,1.5148278928751215,80.30046480587103,0,0,0,0,0,7,7,1,1
506,2013,7,28,21,41481.875,53.00930201646138,79.5213868804727,519,330,,,,7.515959462055537,,0.0,0,0.0,,0.0,0.0,0.0,0,3,0,0,0,7,7,0,0
521,2013,7,25,12,41478.5,50.6207026702857,-98.17714321346574,189,384,1011.4800491213578,1015.4800491213578,4.0,8.655923466900187,4.89715863418387,561.3615477764332,990000,,,,,,3,0,0,0,0,7,7,1,1
521,2013,7,25,15,41478.625,50.27141468865958,-96.77727757980448,187,380,1011.2806154466557,1017.2806154466557,6.0,9.604078829577693,5.68758947872193,745.8193656014668,1747500,-0.19943367470201337,-1.7965824627266886,33.16252261501459,-12.946350498247467,35.60001260413859,0,0,0,0,0,10,10,1,1
521,2013,7,25,18,41478.75,50.08743975289676,-96.08635134558284,186,378,1009.9133916775978,1015.9133916775978,6.0,10.992560500365105,12.671486924764249,618.6821786151661,1202500,-1.3672237690578912,-12.349545460551987,16.43123668058795,-6.819026495527857,17.790015772905033,0,0,0,0,0,7,7,1,1
521,2013,7,25,21,41478.875,49.87413577097903,-95.72684725891129,185,377,1009.7929564864958,1011.7929564864958,2.0,10.625684830484092,16.452925262848293,125.36566766991936,49375,-0.12043519110200578,-1.0912452742555765,8.587545909891029,-7.906106874111674,11.672723360868362,0,0,0,0,0,12,12,1,1
521,2013,7,26,0,41479.0,48.98446393417108,-94.64408192556103,181,374,1010.8881090302276,1014.8881090302276,4.0,9.386519777356188,5.297534155088433,808.65806891963,2054375,1.0951525437318197,10.055826426905686,26.337389710849408,-32.97566487719658,42.20251853710075,0,0,0,0,0,9,9,1,1
521,2013,7,26,3,41479.125,48.357166575405735,-92.6813143176755,178,368,1011.4172062774915,1015.4172062774915,4.0,9.857408184136258,5.293243798675248,463.0996499851074,673750,0.5290972472638532,4.905239796279411,48.33992441423048,-23.25076126407908,53.640900362808196,0,0,0,0,0,9,9,1,1
521,2013,7,26,6,41479.25,46.954436168226735,-90.76389846093001,172,362,1011.0526645584905,1014.9817859574981,3.929121399007563,10.468289966196666,5.063011532938253,428.28270092709715,576250,-0.36454171900099025,-3.4559122735852967,48.50903166197175,-51.992168242787244,71.10774719655005,0,0,0,1,0,10,9,2,0
521,2013,7,26,9,41479.375,47.876248778911126,-87.34786786096274,176,351,1010.3404061719397,1014.3404061719397,4.0,11.092692817277465,4.726408042422845,410.73621666150774,530000,-0.7122583865508204,-6.653208963804352,84.91814319234172,34.16696187502681,91.53399547165297,0,0,1,0,0,7,7,1,1
521,2013,7,26,12,41479.5,46.954436168226735,-89.23610153907,172,357,1011.1897864067438,1015.1897864067438,4.0,11.363899042360355,2.467420194003207,430.5990114968427,582500,0.8493802348041208,8.052256917108433,-47.77078270167793,-34.16696187502681,58.73183943739943,0,0,0,0,0,8,8,1,1
521,2013,7,26,15,41479.625,46.22839195467358,-89.2481300440395,169,357,1011.3595008401388,1015.3595008401388,4.0,11.272610750660748,3.028805774176508,415.55157712936966,542500,0.16971443339498365,1.6283215710065093,-0.3084230177464006,-26.910811022249472,26.91257837207538,0,0,0,0,0,10,10,1,1
521,2013,7,26,18,41479.75,45.01024127115156,-88.97435392403484,164,356,1009.9997733207026,1015.9997733207026,6.0,11.028595096097675,6.44427768977126,477.06558104878025,715000,-1.3597275194361282,-13.320173760331208,7.174083652646944,-45.15072529875057,45.71712448589053,0,0,0,0,0,15,15,1,1
521,2013,7,26,21,41479.875,45.45897857313462,-87.48474814296122,166,351,1008.7406980631049,1014.7406980631049,6.0,11.26103450504406,5.582754504757904,458.5667547480592,660625,-1.259075257597724,-12.238720882221067,38.726374319808336,16.63243712556166,42.14700502637966,0,0,0,0,0,10,10,1,1
521,2013,7,27,0,41480.0,44.49578847268118,-87.82525588538995,162,352,1009.9602736043821,1015.3815738340061,5.4213002296240305,9.203831672963478,4.792969019013981,560.6523099091747,987500,1.219575541277154,12.055910399470593,-9.002514246213648,-35.70061752156204,36.81819324972563,0,0,0,1,0,11,10,2,0
521,2013,7,27,3,41480.125,48.22496474661329,-84.8055710922652,178,343,1008.2753811729208,1014.2753811729208,6.0,12.154683161881588,11.701151297465913,451.79222493902637,641250,-1.1061926610853698,-10.276580035714547,10.321809385470617,34.823309921058936,36.32082960021854,0,0,0,0,2,10,10,1,1
521,2013,7,27,6,41480.25,48.942937951170784,-84.71875937155488,181,343,1006.6785524727304,1014.6785524727304,8.0,13.722786075089692,11.546528478699475,573.1108215745878,1031875,-1.596828700190381,-14.671531492248528,2.113401621424225,26.611659271176478,26.69544671996765,0,0,0,0,0,8,8,1,1
521,2013,7,27,9,41480.375,49.44218044364829,-84.9812346589189,183,344,1006.9694322273021,1012.9694322273021,6.0,13.077520624451669,11.208704552273849,484.7189750148126,738125,0.2908797545717971,2.652548262028971,-6.325705263094397,18.504410776294563,19.55576041102433,0,0,0,0,0,10,10,1,2
521,2013,7,27,12,41480.5,49.95879851060592,-85.57618694305636,185,346,1009.79893358677,1013.79893358677,4.0,10.603542825114863,8.080393185781578,541.3354218670272,920625,2.829501359467831,25.60582676015903,-14.186789426173085,19.14843601953568,23.83123152958797,0,0,0,0,0,10,10,1,2
521,2013,7,27,15,41480.625,48.631908061456215,-88.57186919609846,179,355,1010.2500839174594,1013.2645936507034,3.014509733244049,9.272035960179643,3.142217165146722,545.909911010575,936250,0.45115033068941557,4.164886939819323,-73.37758693797402,-49.18116205285573,88.33491362824323,0,0,0,0,0,10,9,2,0
521,2013,7,27,18,41480.75,43.759807776790474,-83.84900661818517,160,338,1007.710194971047,1013.710194971047,6.0,8.788297843752465,3.0727417745334242,684.9154654140623,1473750,-1.5543986796564422,-15.570587820753866,6.818327775652808,-9.963507127899122,12.073154846349615,0,0,0,0,2,7,7,1,1
521,2013,7,27,21,41480.875,42.70219625502208,-83.13502322497999,156,335,1006.6043622337284,1012.6043622337284,6.0,8.537039796246265,5.224089409782537,669.6409875160086,1408750,-1.1058327373187058,-11.296920249276845,19.447870148672155,-39.20034519382567,43.75941860485243,0,0,0,0,0,8,8,1,1
521,2013,7,28,0,41481.0,42.70219625502208,-83.13502322497999,156,335,,,,8.537039796246265,,0.0,0,0.0,,0.0,0.0,0.0,0,3,0,0,0,8,8,0,0
527,2013,7,26,18,41479.75,30.305976921756898,49.949021425910836,554,196,989.4820545490795,991.4820545490795,2.0,8.013829499254078,6.748664337362715,314.44396702089864,310625,,,,,,3,0,0,0,0,2,2,1,3
527,2013,7,26,21,41479.875,32.26406789392174,48.453316250531095,544,196,989.9039775433525,991.5802965679308,1.6763190245782607,9.005082033425204,6.7758100243288935,318.2174296644016,318125,0.42192299427304536,5.475921595503252,-46.878047979939176,72.57659400441413,86.39973020612415,0,0,0,0,0,2,3,2,0
527,2013,7,27,0,41480.0,32.509740244506524,47.31039221915012,540,193,989.6408113834544,995.6408113834544,6.0,10.029461694905008,8.71891293962828,872.4439897993392,2391250,-0.2631661598981009,-3.392487610028118,-35.72408801598357,9.105839667290457,36.866336685655945,0,0,0,0,0,1,1,1,2
527,2013,7,27,3,41480.125,32.7109494596772,46.8209288021912,538,192,990.7180292210338,996.7180292210338,6.0,10.558952171833292,10.099851109191514,868.9023312733017,2371875,1.0772178375793737,13.81045251763301,-15.26475933020138,7.457814640370722,16.9891693916771,0,0,0,0,0,1,1,1,1
527,2013,7,27,6,41480.25,32.7109494596772,46.8209288021912,538,192,991.7738607092115,995.7738607092115,4.0,9.86093521268139,9.537871045425128,661.8715742955291,1376250,1.055831488177646,13.536269197756162,0.0,0.0,0.0,0,0,0,0,0,1,1,1,1
527,2013,7,27,9,41480.375,32.26406789392174,48.453316250531095,544,196,991.8297300854287,995.8297300854287,4.0,7.895407798566897,5.959908936652282,772.1620332274911,1873125,0.05586937621716061,0.7250999066357128,51.16183325069391,-16.563654307661178,53.776275676133544,0,0,0,1,0,2,2,1,2
527,2013,7,27,12,41480.5,34.730266309834654,45.0,527,192,991.5193791327744,995.5193791327744,4.0,10.162694926326923,6.882673780568947,910.3841860176642,2603750,-0.7645416565716733,-9.297476281487283,0.0,0.0,0.0,0,0,0,0,2,1,1,1,1
527,2013,7,27,15,41480.625,34.730266309834654,45.0,527,192,991.6321092957551,995.6164181971195,3.9843089013644204,9.86100738956662,7.628289476213395,879.3714117184767,2429375,0.11273016298073343,1.370894584372864,0.0,0.0,0.0,0,0,0,1,0,2,3,2,0
527,2013,7,27,18,41480.75,38.32553022139776,40.810657097519375,505,191,994.0376004673942,998.0376004673942,4.0,10.912348123672242,19.637868229052618,774.0919588401536,1882500,1.9094859292577895,21.33316442692327,-5.647434999613016,6.074836975969381,8.294405726720806,0,0,1,0,2,1,1,1,1
527,2013,7,27,21,41480.875,38.32553022139776,40.810657097519375,505,191,995.0390681348676,999.0390681348676,4.0,10.636055525176866,19.065153744806885,950.9984038470808,2841250,1.0014676674734801,11.188600078746518,0.0,0.0,0.0,0,0,0,0,0,2,2,1,1
527,2013,7,28,0,41481.0,37.237758268683976,40.532840938610725,507,187,995.8053041705597,997.8053041705597,2.0,9.97386575680199,9.541101109953889,666.5142420873337,1395625,0.7662360356919816,8.77281324273994,-8.197959509973064,-40.31824082933931,41.14325076728577,0,0,0,0,0,2,2,1,1
527,2013,7,28,3,41481.125,37.09942250674377,41.079317470746425,509,188,997.3641337872035,999.3641337872035,2.0,8.953243114260154,6.953307991692855,718.2346129897986,1620625,1.5588296166437794,17.904325768009006,16.15527444919624,-5.127411633753374,16.949431925312492,0,0,0,0,0,2,2,1,1
527,2013,7,28,6,41481.25,37.09942250674377,41.079317470746425,509,188,998.7849452444218,1000.7849452444218,2.0,8.591327894916407,7.26051848226918,1063.201760396486,3551250,1.4208114572183694,16.319083826318185,0.0,0.0,0.0,0,0,0,0,0,2,2,1,1
527,2013,7,28,9,41481.375,37.237758268683976,40.532840938610725,507,187,998.7702158355404,998.7702158355404,0.0,8.861335669053842,8.321139025577503,14.104739588693906,625,-0.014729408881394193,-0.16864040226942628,-16.125728215997754,5.127411633753374,16.9212724272785,0,0,0,0,0,2,2,1,1
527,2013,7,28,12,41481.5,37.237758268683976,40.532840938610725,507,187,997.968100107904,997.968100107904,0.0,8.975834062564141,8.784504249191595,14.104739588693906,625,-0.8021157276364101,-9.183608117913423,0.0,0.0,0.0,0,0,0,0,0,1,1,1,1
527,2013,7,28,15,41481.625,37.07399578680729,40.72415888737106,508,187,997.8323180393204,997.8323180393204,0.0,8.820890376991589,8.535549448454622,14.104739588693906,625,-0.13578206858364866,-1.560474595170843,5.657763071125091,-6.069852386469631,8.29779434322868,0,0,0,0,0,1,1,1,1
527,2013,7,28,18,41481.75,37.09942250674377,41.079317470746425,509,188,999.1717364283064,999.1717364283064,0.0,8.54584410277172,10.809179121887356,14.104739588693906,625,1.339418388986087,15.384223471261441,10.499424258537454,0.9424407527162582,10.54163670087075,0,0,0,0,0,1,1,1,1
527,2013,7,28,21,41481.875,36.97568424409412,41.97787333053457,512,190,999.3719129445931,999.3719129445931,0.0,8.427408866000864,5.951286391256217,14.104739588693906,625,0.20017651628659222,2.305766985976919,26.606921693318714,-4.586355679484248,26.999313702631987,0,0,0,0,0,1,1,1,1
527,2013,7,29,0,41482.0,36.28110357660936,42.365549235598365,515,189,999.6005592807289,999.6005592807289,0.0,8.30516011907592,4.452894636586716,14.104739588693906,625,0.22864633613586194,2.6770010732901217,11.58334021589902,-25.744615456565583,28.230462191818592,0,0,0,0,0,1,1,1,1
527,2013,7,29,3,41482.125,36.28110357660936,42.365549235598365,515,189,1000.3956276325699,1000.3956276325699,0.0,8.369024906751902,3.7615602754005524,14.104739588693906,625,0.795068351841037,9.308694235768408,0.0,0.0,0.0,0,0,0,0,0,1,1,1,1
527,2013,7,29,6,41482.25,36.11059296484068,42.54846683321219,516,189,1001.0113295778137,1001.0113295778137,0.0,8.251536026299297,2.580629192229244,14.104739588693906,625,0.6157019452437816,7.2380404024693386,5.477299689300659,-6.319971655912554,8.363184418506576,0,0,0,0,0,2,2,1,1
527,2013,7,29,9,41482.375,36.11059296484068,42.54846683321219,516,189,,,,8.251536026299297,,0.0,0,0.0,,0.0,0.0,0.0,0,3,0,0,0,2,2,0,0
536,2013,7,26,15,41479.625,65.10948018454374,152.15675609072275,411,457,1004.9435404990727,1008.9435404990727,4.0,7.646010252691913,3.9928522297312883,464.8148397450838,678750,,,,,,3,0,0,0,0,13,13,1,1
536,2013,7,26,18,41479.75,65.52503723793062,152.84429160827534,409,456,1004.9402656788566,1008.9402656788566,4.0,7.939236542744298,2.6153751075983744,428.97890734860607,578125,-0.003274820216174703,-0.02492864859477761,10.557643263885769,15.402612022660694,18.673625475736742,0,0,0,0,0,20,20,1,1
536,2013,7,26,21,41479.875,65.83358800665596,153.0761072965733,408,455,1004.8028919299555,1008.8028919299555,4.0,8.4165151880193,4.696640550282973,432.443127050225,587500,-0.1373737489010091,-1.0431770073217874,3.5175613328727833,11.4364266981785,11.96516165178439,0,0,0,0,0,17,17,1,1
536,2013,7,27,0,41480.0,66.39629339404021,157.23273719388948,400,456,1004.6940217396248,1008.6940217396248,4.0,9.000253052853985,3.079145551793699,455.0828163074594,650625,-0.10887019033078105,-0.8231414270624043,61.67770172886879,20.85666142423016,65.10867235875935,0,0,0,0,0,17,17,1,1
536,2013,7,27,3,41480.125,65.79722277873049,159.5377284765778,397,460,1003.7676218420637,1007.7676218420637,4.0,9.973028378061539,7.85856413424197,413.8725739918657,538125,-0.9263998975610593,-7.03682165946913,35.02335933028945,-22.20453770809146,41.46899074740822,0,0,0,0,0,15,15,1,1
536,2013,7,27,6,41480.25,66.89361497595642,160.32737194540715,394,456,1004.0964032833182,1008.0964032833182,4.0,9.932692406356216,4.245291879016222,439.74226071262797,607500,0.3287814412545413,2.47653804912044,11.485891330087625,40.63774998140136,42.22975755551372,0,0,0,0,0,14,14,1,1
536,2013,7,27,9,41480.375,66.81559520411683,159.8026601534175,395,456,1004.3553119934086,1008.3553119934086,4.0,9.842662567335202,5.002545358296921,439.74226071262797,607500,0.25890871009032707,1.9513589726901024,-7.65666310171416,-2.8918009355095626,8.184558784917186,0,0,0,0,0,16,16,1,2
536,2013,7,27,12,41480.5,66.81559520411683,159.8026601534175,395,456,1005.1054562250456,1009.1054562250456,4.0,9.419587131299831,5.0404554534034105,413.63216004535656,537500,0.7501442316370958,5.653732841610791,0.0,0.0,0.0,0,0,0,0,0,18,18,1,1
536,2013,7,27,15,41480.625,66.89808073811174,162.09555249375182,391,457,1005.177383336437,1009.177383336437,4.0,9.691589714564476,4.69140138025643,429.905428746211,580625,0.07192711139126913,0.5417711668286134,33.34389759194515,3.057324300600594,33.483768284068155,0,0,0,0,0,17,17,1,1
536,2013,7,27,18,41480.75,66.74891720168694,162.79513962483534,390,458,1005.9564437061412,1009.9564437061412,4.0,9.019367299144113,3.8184358917885404,478.3149910828633,718750,0.7790603697042389,5.87460168968384,10.23617577719336,-5.5287428302665695,11.633842521919577,0,0,0,0,0,13,13,1,1
536,2013,7,27,21,41480.875,66.88022256115869,163.86272343828216,388,458,1006.3864993517676,1012.3864993517676,6.0,9.080092003275315,4.731131354461395,693.861443555544,1512500,0.4300556456264167,3.2397066656438387,15.53713976584879,4.866829938166119,16.281546171987163,0,0,0,0,0,15,15,1,1
536,2013,7,28,0,41481.0,66.88022256115869,163.86272343828216,388,458,1006.2181642043594,1012.2181642043594,6.0,8.766161911789979,5.897102964511069,697.1509215850434,1526875,-0.16833514740821556,-1.2681068244695888,0.0,0.0,0.0,0,0,0,0,0,15,15,1,1
536,2013,7,28,3,41481.125,67.22404445396342,164.79461720416612,386,457,1005.9650218806211,1011.9650218806211,6.0,8.947678947434218,8.535406280303942,651.1136457340118,1331875,-0.25314232373828416,-1.902139471753415,13.371539465760392,12.743750049738237,18.471633198355555,0,0,0,0,0,17,17,1,1
536,2013,7,28,6,41481.25,65.65227004005028,163.58049325681836,390,463,1006.5895437649447,1012.5895437649447,6.0,8.089695837883669,8.883284370001057,700.1408606295148,1540000,0.6245218843236217,4.749208418447694,-18.552625245488137,-58.257780218955034,61.14056639858345,0,0,0,0,0,18,18,1,2
536,2013,7,28,9,41481.375,67.27388587476982,167.68693654101057,381,458,1007.8600591852523,1012.4777043103389,4.617645125086565,7.570313366629211,4.178997859015144,650.5022712839493,1329375,1.270515420307638,9.543311654245414,58.79019888667117,60.10515126243143,84.07684992561337,0,0,0,0,0,18,14,2,0
536,2013,7,28,12,41481.5,71.3698240510788,-174.8055710922652,352,442,1005.4491747855592,1013.4491747855592,8.0,11.5155209177912,3.206904510201494,728.1379705625002,1665625,-1.028529524779733,-7.519902255543266,7.512650792497677,-9.099066062433629,11.799700213926936,0,0,1,0,2,14,14,1,1
536,2013,7,28,15,41481.625,71.34790987754057,-174.11755440990467,351,442,1003.7670429214123,1011.7670429214123,8.0,12.651740958549347,4.119124640138616,572.9372305296926,1031250,-1.682131864146795,-12.300181052126481,8.15580996073139,-0.8122483063529465,8.19615662531766,0,0,0,0,0,12,12,1,1
536,2013,7,28,18,41481.75,71.71551379964491,-171.86989764584402,348,440,1002.7698603953571,1012.7698603953571,10.0,13.451195540376794,4.354821180440558,661.2701461165342,1373750,-0.9971825260552578,-7.276047476693273,26.135576692524477,13.625230384214335,29.47397618363946,0,0,0,0,0,12,12,1,1
536,2013,7,28,21,41481.875,72.45553818735999,-168.5461085839078,344,436,1003.1189857772595,1011.1189857772595,8.0,12.952469184019748,3.886206599767029,481.42433037557686,728125,0.3491253819024132,2.53681586465698,37.13223073419021,27.428985835721097,46.16439995573784,0,0,0,0,0,9,9,1,1
536,2013,7,29,0,41482.0,72.91141028503417,-165.14138555207535,340,433,1003.0665186149625,1011.0665186149625,8.0,12.573846129038891,3.2003665577954963,490.2284814948658,755000,-0.05246716229696176,-0.38029248592843173,37.0776996209601,16.896888153393483,40.7462960089679,0,0,0,0,0,8,8,1,1
536,2013,7,29,3,41482.125,73.44375671550493,-160.58152925793888,335,429,1003.1992277384015,1011.1992277384015,8.0,11.56249251297504,3.2661366380129766,514.3880761548386,831250,0.1327091234389809,0.9592039166207497,48.1490802159842,19.731407428563717,52.035203129778026,0,0,0,0,0,9,9,1,1
536,2013,7,29,6,41482.25,73.65704474610216,-156.07749411698674,330,426,1003.4850903326619,1011.4850903326619,8.0,11.051748293223453,3.4266970047344514,560.8297034620743,988125,0.2858625942603976,2.0639071352147527,46.96402529578132,7.905515638807017,47.62475038777851,0,0,0,0,0,11,11,1,1
536,2013,7,29,9,41482.375,73.81958606086265,-148.62699485989154,322,421,1003.8408816837876,1011.8408816837876,8.0,10.688742721267555,3.9853569007232,603.5444275292213,1144375,0.3557913511256629,2.5666628705328316,76.90345067229585,6.024589857167103,77.13907186538688,0,0,0,0,0,10,10,1,1
536,2013,7,29,12,41482.5,72.83709048632971,-135.53050131667382,306,414,1002.4888849858223,1008.4888849858223,6.0,13.187693291258126,8.275788433670533,396.94255713009204,495000,-1.3519966979652236,-9.803459994084003,142.9581041113928,-36.41617444626406,147.523412692442,0,0,0,0,0,9,9,1,1
536,2013,7,29,15,41482.625,72.97109213406387,-131.79051368220803,303,410,1001.759756532289,1011.759756532289,10.0,13.618397414561612,8.512111863727624,628.5715124197327,1241250,-0.7291284535333398,-5.283179920942377,40.58960132648697,4.966767796683198,40.892352808188015,0,0,0,0,0,14,14,1,1
536,2013,7,29,18,41482.75,72.92333050164726,-129.66076319626242,301,408,1001.6143263865076,1011.6143263865076,10.0,13.700792111975629,8.536923264216092,606.3397715326599,1155000,-0.14543014578142902,-1.054039391390729,23.17934930137484,-1.7702837376634353,23.24685222878534,0,0,0,0,0,17,17,1,1
536,2013,7,29,21,41482.875,72.85192950829203,-127.54570118725155,299,406,1002.6934426974926,1012.6934426974926,10.0,13.157905942361355,7.309488964685734,623.6464480623772,1221875,1.079116310984973,7.824152110136935,23.11286768876036,-2.6464760728276,23.263888075775117,0,0,0,0,0,17,17,1,1
536,2013,7,30,0,41483.0,72.80744962280755,-126.4954207591212,298,405,1002.6723471129101,1014.6723471129101,12.0,13.086573664379754,7.620414952031059,780.7454335709939,1915000,-0.02109558458250831,-0.15299060680358695,11.506523552568396,-1.6486458678681648,11.62403189360086,0,0,0,0,0,17,17,1,1
536,2013,7,30,3,41483.125,72.13884065620758,-118.98456039373434,290,398,1004.000180455136,1014.000180455136,10.0,12.234237843064326,5.4465147283845,698.5762980917146,1533125,1.3278333422259312,9.66534428129174,85.32997603943602,-24.781974998326433,88.85578819473946,0,0,0,0,0,13,13,1,1
536,2013,7,30,6,41483.25,72.2476284912905,-118.34989450139697,290,397,1004.1440019840758,1014.1440019840758,10.0,12.272694774998635,5.519231829138589,655.0736716671819,1348125,0.143821528939734,1.046243572958794,7.172483951147748,4.032218447288984,8.22820221166991,0,0,0,0,0,11,11,1,1
536,2013,7,30,9,41483.375,72.15311827860565,-117.37198063218038,289,396,1004.5475836565096,1014.5475836565096,10.0,12.16690651566142,4.061159786578428,672.0135050899297,1418750,0.40358167243379284,2.937449001005931,11.108452723498,-3.5030187222179356,11.647697715789139,0,0,0,0,0,12,12,1,1
536,2013,7,30,12,41483.5,72.15311827860565,-117.37198063218038,289,396,,,,12.16690651566142,,0.0,0,0.0,,0.0,0.0,0.0,0,3,0,0,0,12,12,0,0
558,2013,7,28,0,41481.0,21.935710510344627,1.3042320129728306,366,74,1000.8411926365737,1006.8411926365737,6.0,7.9020736938298315,2.012690405438043,895.7342557153977,2520625,,,,,,3,0,0,0,0,0,0,1,1
558,2013,7,28,3,41481.125,21.1273830431911,0.8936225344388382,364,71,1000.5266652778832,1008.5266652778832,8.0,7.9553420458415705,5.785700158054678,1115.9692781139097,3912500,-0.31452735869039317,-6.045648243502251,-14.196210633359533,-29.96063780497293,33.15376621181195,0,0,0,0,0,0,0,1,1
558,2013,7,28,6,41481.25,21.677517938589276,0.699913623710908,363,73,1001.291831418201,1009.291831418201,8.0,8.379193510314298,7.336815012679946,895.4010418943138,2518750,0.7651661403177422,14.351604488791052,-6.672041665338368,20.39073644613749,21.454562983194297,0,0,0,0,0,0,0,1,1
558,2013,7,28,9,41481.375,21.95001493556606,-0.7023649148825958,356,74,1002.8518389262281,1008.8518389262281,6.0,8.295532059687403,4.502635533524008,715.3203073032693,1607500,1.5600075080270472,28.914176717297906,-48.20756955620852,10.100094529898678,49.25425536976041,0,0,0,0,0,0,0,1,1
558,2013,7,28,12,41481.5,21.383671100567152,-1.4943335912665376,352,72,1002.2813658736579,1008.2813658736579,6.0,8.368998592516038,2.0315204811851437,749.8098668810117,1766250,-0.5704730525701598,-10.839905098272906,-27.333513824115215,-20.991520396100626,34.46396533356262,0,0,0,0,0,0,0,1,1
558,2013,7,28,15,41481.625,21.640398372544183,-1.8991642095785122,350,73,1000.2198380217242,1006.2198380217242,6.0,8.138653031154378,2.812103345999276,941.537589808212,2785000,-2.061527851933788,-38.729547901858226,-13.947428438536992,9.515590058381274,16.88422974871152,0,0,0,0,0,0,0,1,1
558,2013,7,28,18,41481.75,20.74943492978407,-3.0647234757393256,344,70,999.2295690879245,1007.2295690879245,8.0,8.822573594008144,2.113085236380939,1073.721853657602,3621875,-0.9902689337996707,-19.365330447349344,-40.399237792792775,-33.02353822023151,52.17904263994987,0,0,0,0,0,0,0,1,1
558,2013,7,28,21,41481.875,20.42715676750595,-3.6438639242108377,341,69,1000.590131138167,1008.590131138167,8.0,9.463358558676354,2.361783017356647,979.0355686955095,3011250,1.3605620502424427,27.00805540980458,-20.115973469884175,-11.9452322045528,23.395319212649554,0,0,0,0,0,0,0,1,1
558,2013,7,29,0,41482.0,19.525229233405327,-4.383776804131403,337,66,1000.9012514910901,1008.9012514910901,8.0,9.866361373567257,3.7964217611507776,1012.008922290879,3217500,0.3111203529231716,6.4493230800419505,-25.847750492835836,-33.42992199767556,42.257140110406986,0,0,0,0,0,0,0,1,1
558,2013,7,29,3,41482.125,19.73284924313758,-4.982419590375818,334,67,1000.1908108485388,1008.1908108485388,8.0,10.15523688974379,5.173709272464403,787.7216096943938,1949375,-0.710440642551257,-14.578102196657184,-20.885686289061642,7.695430584040141,22.25829157053339,0,0,0,0,0,0,0,1,1
558,2013,7,29,6,41482.25,19.84663506406866,-6.167549618263218,328,68,1002.0453038883585,1010.0453038883585,8.0,9.25161851148259,3.765425585007324,877.4463158547329,2418750,1.8544930398196449,37.84438149006733,-41.3176862622325,4.217468670540915,41.53237580552394,0,0,0,0,0,0,0,1,2
558,2013,7,29,9,41482.375,20.090461754410807,-6.383482844217352,327,69,1004.1551088979186,1010.1551088979186,6.0,8.292755265844297,2.7292812408218743,750.7379317872345,1770625,2.1098050095600773,42.553173525991426,-7.516554205433924,9.03743031552686,11.754732401515158,0,0,0,0,0,0,0,1,2
558,2013,7,29,12,41482.5,20.300694577218678,-6.795944016018951,325,70,1003.4747777318084,1009.4747777318084,6.0,8.612689019991572,3.4373883284717888,744.6180450381191,1741875,-0.6803311661101179,-13.585568671665774,-14.338249748330476,7.792274436799823,16.31885249470388,0,0,0,0,0,0,0,1,2
558,2013,7,29,15,41482.625,19.815594690494013,-7.936722926152693,319,69,1002.105400360469,1008.105400360469,6.0,8.638133163172897,5.116659514883067,785.9517306268997,1940625,-1.3693773713393602,-27.986704356012545,-39.779232014323206,-17.98021543987764,43.65404273276154,0,0,0,0,0,0,0,1,2
558,2013,7,29,18,41482.75,19.526168101868723,-9.286323438869324,312,69,1002.0456068934384,1007.8063580840717,5.760751190633309,8.887669067689842,4.921099704793451,785.3186642892772,1937500,-0.05979346703068586,-1.239422508930966,-47.1459174912914,-10.7275894303913,48.35099493374153,0,0,0,0,0,0,1,2,0
558,2013,7,29,21,41482.875,20.200728728871805,-8.768546339882247,315,71,1004.0251032883642,1009.2700823006712,5.244979012307012,8.513202507682546,4.726002822875598,707.6307226957261,1573125,1.979496394925809,39.71604627765244,18.01089919323985,25.00257314563835,30.814301122239392,0,0,0,1,0,0,2,2,0
558,2013,7,30,0,41483.0,20.205442688571168,-13.774403340341678,290,76,1004.7616969061187,1008.7616969061187,4.0,9.614664799466127,6.607545728912302,484.92414707691694,738750,1.186430863114947,23.798886081216168,-52.5107828128401,23.715553791583602,57.61779068359667,0,0,1,0,2,0,0,1,1
558,2013,7,30,3,41483.125,20.537658293870496,-13.629897234617443,291,77,1004.7097653215893,1010.3286993912457,5.618934069656243,8.659013770628551,9.700244270643525,905.5638267295083,2576250,-0.051931584529374956,-1.0255673922414703,5.015690115099456,12.313563287145417,13.295901178831086,0,0,0,1,0,2,0,2,0
558,2013,7,30,6,41483.25,18.53109017863674,-17.27945814180244,271,75,1005.5167248434861,1011.5167248434861,6.0,8.73325931055451,5.374909897083126,844.9904516892575,2243125,1.188025452240545,25.89800085264361,-25.914262279741397,-11.981464663295359,28.55003476321917,0,0,0,0,2,0,0,1,1
558,2013,7,30,9,41483.375,18.19352346932981,-18.010992018698005,267,75,1007.6896259887263,1011.6896259887263,4.0,7.692085922353769,3.7842349662143535,592.7347947230355,1103750,2.1729011452401754,48.21580116719591,-25.758753251885793,-12.511901826343124,28.636708197758786,0,0,0,0,0,0,0,1,1
558,2013,7,30,12,41483.5,18.19352346932981,-18.010992018698005,267,75,,,,7.692085922353769,,0.0,0,0.0,,0.0,0.0,0.0,0,3,0,0,0,0,0,0,0
